450.000,91.000,31.000,37.000
444.785,97.285,31.000,37.000
439.573,102.191,30.339,36.211
434.730,105.201,30.339,36.211
430.639,110.255,29.692,35.439
424.875,111.407,29.692,35.439
418.648,112.650,29.059,34.683
411.830,114.590,28.439,33.943
407.521,115.070,27.833,33.220
410.711,115.772,27.239,32.511
409.756,117.817,26.658,31.818
406.161,120.041,26.090,31.139
404.022,121.729,26.090,31.139
401.434,123.192,26.090,31.139
399.745,125.780,26.090,31.139
398.282,129.269,26.090,31.139
396.933,134.049,25.533,30.475
394.708,134.512,26.098,31.149
393.920,136.651,26.098,31.149
396.785,138.292,26.676,31.839
395.289,143.700,26.676,31.839
396.095,149.109,26.676,31.839
390.686,153.367,26.676,31.839
385.735,159.581,27.266,32.543
385.147,160.169,27.266,32.543
383.015,159.443,27.869,33.263
382.173,154.033,27.869,33.263
386.990,145.697,27.275,32.554
384.989,143.697,27.275,32.554
381.342,141.461,27.275,32.554
379.705,140.787,26.693,31.860
378.899,142.054,26.693,31.860
380.396,140.865,27.284,32.564
378.866,142.866,27.284,32.564
376.394,143.219,27.284,32.564
376.982,142.631,27.284,32.564
375.923,143.690,27.284,32.564
378.143,146.420,26.702,31.870
376.984,147.981,26.132,31.190
372.362,149.897,26.132,31.190
373.827,150.137,26.711,31.880
375.325,166.153,26.711,31.880
372.519,151.574,27.302,32.586
370.753,148.866,27.302,32.586
368.044,151.574,27.302,32.586
373.443,150.673,26.719,31.891
375.633,150.097,26.719,31.891
375.287,152.517,26.719,31.891
374.711,154.477,26.719,31.891
375.057,153.670,26.719,31.891
374.020,153.555,26.719,31.891
375.287,154.362,26.719,31.891
377.939,156.782,26.719,31.891
374.365,159.433,26.719,31.891
374.942,161.162,26.719,31.891
374.227,162.946,26.150,31.211
373.586,164.123,26.728,31.901
375.085,165.160,26.728,31.901
375.037,163.833,26.158,31.221
376.077,165.145,25.600,30.555
380.501,167.068,25.054,29.904
381.690,167.608,25.054,29.904
382.231,167.284,25.054,29.904
380.727,171.874,24.520,29.266
382.525,171.556,24.520,29.266
383.900,172.508,24.520,29.266
383.160,172.826,24.520,29.266
384.096,173.490,25.063,29.913
385.950,174.393,25.617,30.575
383.629,176.713,25.617,30.575
383.156,179.276,25.071,29.923
383.528,181.159,24.536,29.285
382.049,182.262,25.079,29.933
383.679,196.860,25.634,30.595
373.827,219.035,25.087,29.943
375.667,213.516,25.087,29.943
380.321,184.621,25.087,29.943
384.541,183.214,25.087,29.943
384.000,185.054,25.087,29.943
382.810,184.513,25.087,29.943
384.433,186.569,25.087,29.943
383.553,185.949,24.552,29.304
383.235,185.632,24.552,29.304
382.282,187.008,24.552,29.304
383.235,185.843,24.552,29.304
381.223,187.856,24.552,29.304
380.270,187.114,24.552,29.304
380.164,188.279,24.552,29.304
379.422,189.021,24.552,29.304
378.681,189.338,24.552,29.304
378.999,190.080,24.552,29.304
378.469,189.762,24.552,29.304
376.669,191.139,24.552,29.304
378.046,192.092,24.552,29.304
376.669,190.715,24.552,29.304
375.716,192.092,24.552,29.304
374.762,191.139,24.552,29.304
374.233,192.092,24.552,29.304
373.068,192.410,24.552,29.304
371.055,192.940,24.552,29.304
370.102,192.622,24.552,29.304
370.420,194.211,24.552,29.304
367.772,192.834,24.552,29.304
368.050,192.619,25.096,29.953
369.008,192.850,25.651,30.615
367.791,192.739,25.651,30.615
365.909,193.735,25.651,30.615
366.905,192.960,25.651,30.615
367.680,192.186,25.651,30.615
364.914,190.968,25.651,30.615
363.696,189.973,25.651,30.615
362.258,189.419,25.651,30.615
359.270,190.637,25.651,30.615
359.381,191.632,25.651,30.615
359.713,192.186,25.651,30.615
360.266,190.526,25.651,30.615
360.860,192.026,25.104,29.963
359.979,192.449,24.568,29.324
358.505,191.843,24.044,28.698
356.861,191.049,23.532,28.086
357.369,189.729,23.532,28.086
358.892,188.816,23.532,28.086
360.211,190.135,23.532,28.086
358.212,192.098,23.030,27.487
356.255,191.529,22.539,26.901
354.715,190.785,22.058,26.327
358.806,189.739,22.058,26.327
352.897,188.644,21.588,25.766
351.242,187.572,21.127,25.217
351.880,186.023,21.127,25.217
350.148,181.921,21.127,25.217
350.968,180.554,21.127,25.217
351.242,179.005,21.127,25.217
350.239,181.283,21.127,25.217
351.242,180.645,21.127,25.217
349.510,182.013,21.127,25.217
350.330,181.192,21.127,25.217
350.786,180.737,21.127,25.217
349.601,179.187,21.127,25.217
347.870,180.372,21.127,25.217
348.690,177.364,21.127,25.217
363.910,172.534,21.127,25.217
365.460,171.167,21.127,25.217
365.004,172.170,21.127,25.217
355.434,186.296,21.127,25.217
351.151,193.678,21.127,25.217
350.330,191.035,21.127,25.217
348.868,186.690,21.595,25.774
348.774,186.225,21.595,25.774
355.761,190.230,21.595,25.774
355.295,192.187,21.595,25.774
356.879,194.143,21.595,25.774
349.892,184.362,21.595,25.774
360.978,202.900,21.595,25.774
352.873,195.727,21.595,25.774
357.810,198.614,21.595,25.774
359.394,199.080,21.595,25.774
355.947,200.664,21.595,25.774
329.903,222.318,22.073,26.345
342.948,202.037,22.073,26.345
341.520,215.653,22.073,26.345
334.064,195.110,22.561,26.928
341.752,196.375,22.561,26.928
338.735,186.156,22.561,26.928
341.616,187.373,23.060,27.523
324.009,166.980,23.060,27.523
322.119,162.106,23.060,27.523
319.696,161.285,23.570,28.132
317.358,161.997,23.570,28.132
316.239,161.285,23.570,28.132
315.934,161.590,23.570,28.132
315.832,161.285,23.570,28.132
314.917,162.607,23.570,28.132
315.629,161.895,23.570,28.132
316.137,163.421,23.570,28.132
314.205,168.199,23.570,28.132
316.341,163.624,23.570,28.132
317.278,165.394,23.068,27.532
311.208,171.663,23.068,27.532
310.312,171.763,23.068,27.532
319.169,166.887,23.068,27.532
322.453,167.583,23.068,27.532
323.746,167.285,23.068,27.532
324.663,167.290,22.576,26.945
331.569,167.296,22.094,26.371
357.017,162.054,22.094,26.371
358.065,160.815,22.094,26.371
357.589,159.576,22.094,26.371
359.209,160.243,22.094,26.371
358.351,159.385,22.094,26.371
359.018,159.290,22.094,26.371
358.611,160.214,21.623,25.808
358.331,159.002,21.623,25.808
357.932,158.827,21.162,25.258
356.015,158.188,21.162,25.258
356.857,157.490,20.711,24.719
357.482,155.971,20.711,24.719
359.180,154.273,20.711,24.719
360.341,154.184,20.711,24.719
359.787,154.017,20.269,24.192
360.749,154.629,20.269,24.192
360.136,155.591,20.269,24.192
359.931,155.259,19.837,23.676
358.246,155.594,19.414,23.171
358.497,153.500,19.414,23.171
357.977,151.891,19.000,22.677
356.912,150.170,19.000,22.677
352.875,155.106,19.420,23.179
351.116,153.849,19.420,23.179
352.031,152.637,19.850,23.692
354.857,142.961,19.850,23.692
353.665,141.480,19.427,23.187
356.861,140.193,19.012,22.692
356.123,139.126,19.012,22.692
357.517,139.044,19.012,22.692
358.747,138.306,19.012,22.692
358.173,137.404,19.012,22.692
357.107,136.830,19.012,22.692
357.492,135.473,19.433,23.194
356.570,134.718,19.433,23.194
354.978,133.629,19.433,23.194
354.055,132.036,19.433,23.194
355.313,130.101,19.019,22.700
354.739,129.035,19.019,22.700
354.388,127.142,18.613,22.215
355.914,125.777,18.613,22.215
357.439,123.770,18.613,22.215
356.941,123.155,18.216,21.742
357.805,121.977,18.216,21.742
357.098,120.641,18.216,21.742
355.920,119.462,18.216,21.742
356.627,119.698,18.216,21.742
357.334,118.362,18.216,21.742
358.513,118.598,18.216,21.742
359.534,119.148,18.216,21.742
359.298,117.812,18.216,21.742
358.037,117.001,18.619,22.223
353.620,116.438,18.619,22.223
354.664,116.037,18.619,22.223
357.796,117.081,18.619,22.223
360.929,117.161,18.619,22.223
361.973,115.153,18.619,22.223
360.236,112.061,18.222,21.749
359.214,108.681,18.222,21.749
357.969,107.777,17.833,21.285
359.123,106.623,17.833,21.285
359.832,103.810,17.453,20.831
359.075,101.637,17.081,20.387
351.470,87.727,17.459,20.838
365.403,79.669,17.459,20.838
373.311,82.154,17.459,20.838
393.420,97.744,17.459,20.838
393.495,107.912,17.459,20.838
392.215,118.079,17.459,20.838
389.429,119.058,17.459,20.838
385.094,117.655,17.845,21.299
385.935,114.465,18.240,21.770
386.631,112.999,18.643,22.252
386.442,112.074,18.246,21.777
387.320,112.078,17.857,21.313
387.139,110.153,17.476,20.858
387.516,109.323,17.476,20.858
386.988,108.494,17.476,20.858
388.270,107.363,17.476,20.858
387.591,106.082,17.476,20.858
388.119,104.498,17.476,20.858
388.345,103.669,17.476,20.858
387.516,102.237,17.476,20.858
387.440,101.408,17.476,20.858
388.119,100.880,17.476,20.858
388.797,99.749,17.476,20.858
388.722,98.920,17.476,20.858
388.948,98.090,17.476,20.858
389.928,97.412,17.476,20.858
388.589,97.126,17.103,20.414
388.220,96.167,17.103,20.414
388.736,95.650,17.103,20.414
388.367,95.576,17.103,20.414
388.589,94.765,17.103,20.414
388.072,94.396,17.103,20.414
388.736,93.584,17.103,20.414
388.367,93.215,17.103,20.414
389.474,92.935,16.739,19.978
389.861,93.635,16.382,19.552
389.151,92.958,16.032,19.135
389.358,92.474,16.032,19.135
390.396,92.745,15.690,18.727
390.193,92.271,15.690,18.727
389.583,92.068,15.690,18.727
390.463,91.510,16.038,19.142
389.841,90.611,16.038,19.142
390.478,91.415,15.696,18.733
390.681,91.076,15.696,18.733
391.291,90.602,15.696,18.733
390.681,90.805,15.696,18.733
391.291,90.196,15.696,18.733
390.546,90.128,15.696,18.733
390.343,90.061,15.696,18.733
391.494,89.857,15.696,18.733
392.103,89.654,15.696,18.733
392.442,89.451,15.696,18.733
392.239,90.467,15.696,18.733
393.119,90.805,15.696,18.733
394.135,90.061,15.696,18.733
393.891,90.345,16.043,19.148
393.821,90.968,16.043,19.148
392.922,90.345,16.043,19.148
392.991,90.968,16.043,19.148
392.645,90.760,16.043,19.148
393.683,91.245,16.043,19.148
394.306,92.006,16.043,19.148
394.652,92.490,16.043,19.148
394.833,91.632,16.398,19.572
394.338,93.118,16.398,19.572
395.111,93.268,16.761,20.005
395.762,94.064,16.761,20.005
395.545,94.714,16.761,20.005
396.034,95.318,17.131,20.447
396.700,95.983,17.131,20.447
395.667,96.601,17.510,20.900
374.548,95.351,17.898,21.362
373.390,96.354,17.898,21.362
373.776,96.895,17.898,21.362
374.162,98.516,17.898,21.362
373.468,99.674,17.898,21.362
374.008,101.295,17.898,21.362
374.422,103.235,17.516,20.906
374.649,104.822,17.516,20.906
373.969,106.106,17.516,20.906
374.195,108.902,17.516,20.906
374.422,110.186,17.516,20.906
374.682,111.793,17.143,20.461
373.425,113.494,17.143,20.461
374.249,117.062,16.777,20.024
376.782,118.293,16.777,20.024
377.433,120.681,16.777,20.024
377.650,122.345,16.777,20.024
378.157,125.168,16.777,20.024
367.518,138.123,16.777,20.024
364.117,137.906,16.777,20.024
360.136,137.544,16.777,20.024
355.142,136.892,16.777,20.024
351.578,137.647,17.148,20.467
345.786,136.269,17.528,20.920
340.022,134.861,17.915,21.383
334.131,133.422,18.312,21.856
328.437,133.590,18.717,22.340
331.425,135.124,18.717,22.340
327.307,134.559,18.717,22.340
321.413,133.509,18.717,22.340
315.034,132.621,18.717,22.340
308.712,130.782,19.131,22.834
304.476,153.391,19.554,23.339
300.538,153.396,19.137,22.841
296.493,152.323,19.137,22.841
291.207,152.009,18.729,22.354
287.279,151.079,18.330,21.878
284.045,150.627,17.939,21.411
279.090,150.184,17.556,20.954
275.554,149.166,17.182,20.508
271.922,148.499,17.182,20.508
266.363,147.239,17.182,20.508
263.324,147.165,17.182,20.508
257.321,147.980,17.182,20.508
251.910,148.203,17.182,20.508
251.450,147.493,16.816,20.070
248.483,148.755,16.457,19.642
243.585,148.400,16.457,19.642
236.302,151.005,16.106,19.223
232.758,150.379,16.106,19.223
230.188,149.754,16.106,19.223
225.255,148.851,16.106,19.223
216.931,148.422,16.462,19.649
215.866,145.794,16.462,19.649
213.989,143.146,16.827,20.083
213.481,141.621,16.827,20.083
213.069,138.763,17.199,20.528
211.956,137.799,17.199,20.528
209.508,137.280,17.199,20.528
208.840,134.386,17.199,20.528
201.495,131.493,17.199,20.528
193.408,123.851,17.199,20.528
190.663,125.260,17.199,20.528
188.214,124.296,17.199,20.528
185.172,124.222,17.199,20.528
182.279,121.180,17.199,20.528
178.940,120.215,17.199,20.528
178.273,119.399,17.199,20.528
175.231,119.028,17.199,20.528
172.485,119.844,17.199,20.528
170.482,116.209,17.199,20.528
168.924,113.167,17.199,20.528
168.108,110.570,17.199,20.528
167.440,107.677,17.199,20.528
164.695,108.790,17.199,20.528
161.802,106.044,17.199,20.528
156.682,108.790,17.199,20.528
151.266,106.044,17.199,20.528
147.928,100.480,17.199,20.528
144.441,95.361,17.199,20.528
164.250,113.093,17.199,20.528
156.311,112.573,17.199,20.528
144.218,111.609,17.199,20.528
131.086,110.644,17.199,20.528
113.947,110.273,17.199,20.528
96.512,109.754,17.199,20.528
76.851,110.570,17.199,20.528
74.848,113.909,17.199,20.528
