57.000,156.000,198.000,173.000
59.190,153.810,198.000,173.000
61.379,154.540,198.000,173.000
63.569,152.351,198.000,173.000
62.839,154.540,198.000,173.000
69.408,152.351,198.000,173.000
67.219,153.080,198.000,173.000
67.949,155.270,198.000,173.000
71.598,157.460,198.000,173.000
62.592,159.332,202.381,176.828
78.413,163.375,198.065,173.057
73.949,162.218,202.447,176.886
80.666,161.472,202.447,176.886
78.427,166.696,202.447,176.886
71.710,170.427,202.447,176.886
90.413,177.349,198.130,173.113
69.277,179.222,202.513,176.944
53.870,181.138,206.994,180.858
63.789,178.849,206.994,180.858
70.657,185.716,206.994,180.858
106.521,175.796,206.994,180.858
122.545,175.033,206.994,180.858
135.517,177.322,206.994,180.858
146.963,175.033,206.994,180.858
144.673,181.901,206.994,180.858
160.855,175.739,202.580,177.002
158.614,182.460,202.580,177.002
166.829,177.232,202.580,177.002
173.550,174.992,202.580,177.002
171.309,180.220,202.580,177.002
174.189,179.948,198.260,173.227
182.643,183.908,194.032,169.533
189.538,186.405,189.894,165.918
197.635,183.451,185.845,162.379
204.239,180.560,181.881,158.917
209.410,179.023,178.003,155.528
209.410,177.519,174.207,152.211
208.173,173.572,170.492,148.965
205.750,170.920,166.856,145.788
201.008,169.510,163.298,142.679
180.121,169.290,159.815,139.637
170.105,168.701,159.815,139.637
166.504,164.100,163.351,142.726
164.697,164.703,163.351,142.726
162.891,164.100,163.351,142.726
168.310,162.294,163.351,142.726
114.717,161.692,163.351,142.726
104.480,161.090,163.351,142.726
105.082,162.896,163.351,142.726
103.276,161.090,163.351,142.726
105.082,159.283,163.351,142.726
105.684,157.477,163.351,142.726
102.674,154.466,163.351,142.726
103.276,152.659,163.351,142.726
108.695,155.670,163.351,142.726
100.867,150.250,163.351,142.726
111.104,154.466,163.351,142.726
115.319,158.681,163.351,142.726
123.147,165.305,163.351,142.726
120.137,161.090,163.351,142.726
120.739,164.100,163.351,142.726
117.728,159.885,163.351,142.726
120.739,162.896,163.351,142.726
123.750,163.498,163.351,142.726
118.330,165.305,163.351,142.726
115.319,157.477,163.351,142.726
111.104,160.487,163.351,142.726
110.502,162.294,163.351,142.726
113.513,160.487,163.351,142.726
112.911,162.294,163.351,142.726
105.481,157.591,166.965,145.884
104.865,155.745,166.965,145.884
103.019,153.898,166.965,145.884
98.710,154.514,166.965,145.884
98.095,152.667,166.965,145.884
99.941,153.283,166.965,145.884
103.019,155.129,166.965,145.884
99.941,154.514,166.965,145.884
100.557,155.129,166.965,145.884
103.634,155.745,166.965,145.884
103.019,155.129,166.965,145.884
98.710,153.283,166.965,145.884
100.557,153.898,166.965,145.884
98.710,153.283,166.965,145.884
99.326,152.667,166.965,145.884
102.403,154.514,166.965,145.884
99.326,155.129,166.965,145.884
102.403,155.745,166.965,145.884
103.019,156.360,166.965,145.884
101.172,154.514,166.965,145.884
98.095,153.898,166.965,145.884
97.479,152.052,166.965,145.884
100.557,152.667,166.965,145.884
103.634,154.514,166.965,145.884
99.326,155.129,166.965,145.884
102.403,155.745,166.965,145.884
104.250,157.591,166.965,145.884
108.558,159.438,166.965,145.884
104.250,156.360,166.965,145.884
101.172,154.514,166.965,145.884
100.557,156.360,166.965,145.884
106.096,159.438,166.965,145.884
99.779,154.631,170.659,149.112
99.150,155.260,170.659,149.112
102.295,158.406,170.659,149.112
97.144,153.493,174.435,152.411
103.343,158.217,170.715,149.160
100.196,156.329,170.715,149.160
102.084,158.217,170.715,149.160
100.196,156.329,170.715,149.160
102.084,158.217,170.715,149.160
100.196,156.329,170.715,149.160
100.825,156.958,170.715,149.160
109.318,162.794,167.075,145.980
107.470,157.251,167.075,145.980
104.391,155.404,167.075,145.980
100.079,154.788,167.075,145.980
104.391,157.867,167.075,145.980
108.702,160.947,167.075,145.980
106.854,157.867,167.075,145.980
105.007,156.020,167.075,145.980
101.927,154.172,167.075,145.980
101.311,156.020,167.075,145.980
111.997,161.732,163.512,142.866
111.394,159.923,163.512,142.866
110.792,162.937,163.512,142.866
112.600,159.923,163.512,142.866
110.792,162.937,163.512,142.866
112.600,159.923,163.512,142.866
110.792,164.143,163.512,142.866
110.189,158.718,163.512,142.866
109.586,159.320,163.512,142.866
108.983,159.923,163.512,142.866
110.792,159.320,163.512,142.866
107.778,159.923,163.512,142.866
111.997,161.732,163.512,142.866
111.394,161.129,163.512,142.866
108.381,160.526,163.512,142.866
110.189,159.923,163.512,142.866
110.792,160.526,163.512,142.866
108.983,161.129,163.512,142.866
109.586,159.320,163.512,142.866
108.983,159.923,163.512,142.866
110.792,159.320,163.512,142.866
108.983,159.923,163.512,142.866
110.792,159.320,163.512,142.866
108.983,159.923,163.512,142.866
110.792,159.320,163.512,142.866
108.983,159.923,163.512,142.866
110.792,160.526,163.512,142.866
108.983,161.129,163.512,142.866
110.792,159.320,163.512,142.866
108.983,161.129,163.512,142.866
110.792,159.320,163.512,142.866
108.983,161.129,163.512,142.866
110.792,159.320,163.512,142.866
108.983,161.129,163.512,142.866
109.586,159.320,163.512,142.866
107.778,159.923,163.512,142.866
107.175,160.526,163.512,142.866
108.983,163.540,163.512,142.866
109.586,160.526,163.512,142.866
106.572,159.923,163.512,142.866
108.381,162.937,163.512,142.866
112.600,159.923,163.512,142.866
107.175,161.732,163.512,142.866
113.805,163.540,163.512,142.866
121.641,167.759,163.512,142.866
117.422,161.129,163.512,142.866
110.792,158.115,163.512,142.866
104.161,156.307,163.512,142.866
91.721,151.599,167.130,146.027
98.498,154.680,167.130,146.027
95.418,151.599,167.130,146.027
102.195,154.680,167.130,146.027
108.972,158.993,167.130,146.027
110.820,162.073,167.130,146.027
116.365,161.457,167.130,146.027
121.910,165.770,167.130,146.027
126.661,164.358,163.566,142.913
123.646,166.166,163.566,142.913
124.249,165.563,163.566,142.913
125.412,164.181,160.077,139.866
124.822,169.492,160.077,139.866
121.872,165.362,160.077,139.866
118.921,163.591,160.077,139.866
124.232,166.542,160.077,139.866
121.281,167.132,160.077,139.866
120.691,161.821,160.077,139.866
126.002,167.132,160.077,139.866
121.872,166.542,160.077,139.866
121.281,163.591,160.077,139.866
126.592,166.542,160.077,139.866
120.101,164.772,160.077,139.866
126.592,166.542,160.077,139.866
120.101,164.772,160.077,139.866
121.872,164.181,160.077,139.866
115.380,163.591,160.077,139.866
119.511,166.542,160.077,139.866
120.101,163.591,160.077,139.866
121.872,164.181,160.077,139.866
121.281,163.591,160.077,139.866
125.412,166.542,160.077,139.866
123.642,168.312,160.077,139.866
121.872,163.001,160.077,139.866
127.182,168.312,160.077,139.866
123.052,164.181,160.077,139.866
124.822,167.132,160.077,139.866
128.235,165.779,156.664,136.883
128.813,168.667,156.664,136.883
127.080,164.624,156.664,136.883
129.968,169.822,156.664,136.883
124.770,163.469,156.664,136.883
127.658,169.822,156.664,136.883
127.080,164.624,156.664,136.883
128.813,168.667,156.664,136.883
125.925,163.469,156.664,136.883
126.503,168.667,156.664,136.883
125.925,164.624,156.664,136.883
126.503,168.667,156.664,136.883
127.080,165.779,156.664,136.883
125.348,168.667,156.664,136.883
127.080,165.779,156.664,136.883
125.348,168.667,156.664,136.883
125.925,165.779,156.664,136.883
124.193,169.822,156.664,136.883
124.770,165.779,156.664,136.883
124.193,169.822,156.664,136.883
127.080,165.779,156.664,136.883
127.658,169.822,156.664,136.883
128.235,164.624,156.664,136.883
128.813,167.512,156.664,136.883
127.080,166.934,156.664,136.883
124.193,167.512,156.664,136.883
128.646,167.302,153.323,133.964
124.690,166.736,153.323,133.964
128.646,169.562,153.323,133.964
128.081,165.606,153.323,133.964
128.646,168.432,153.323,133.964
128.081,166.736,153.323,133.964
130.907,170.693,153.323,133.964
136.355,169.397,150.053,131.107
139.555,168.130,146.853,128.311
143.344,175.167,146.853,128.311
140.638,174.626,146.853,128.311
143.769,175.472,143.722,125.575
139.000,172.823,143.722,125.575
142.709,172.293,143.722,125.575
137.941,169.644,143.722,125.575
145.888,175.472,143.722,125.575
148.952,173.236,140.657,122.897
139.327,169.187,143.769,125.616
140.917,173.957,143.769,125.616
137.207,170.247,143.769,125.616
144.097,173.957,143.769,125.616
138.267,169.187,143.769,125.616
141.977,175.017,143.769,125.616
139.327,172.367,143.769,125.616
138.797,169.717,143.769,125.616
142.507,175.547,143.769,125.616
137.737,176.077,143.769,125.616
152.041,182.014,140.703,122.937
156.709,177.346,140.703,122.937
149.966,182.014,140.703,122.937
146.335,175.271,140.703,122.937
138.555,171.640,140.703,122.937
142.186,169.047,140.703,122.937
145.817,176.827,140.703,122.937
140.111,173.196,140.703,122.937
145.817,175.790,140.703,122.937
140.111,172.159,140.703,122.937
141.245,173.490,143.816,125.657
138.594,170.839,143.816,125.657
143.366,174.550,143.816,125.657
137.534,171.899,143.816,125.657
143.366,173.490,143.816,125.657
139.655,171.899,143.816,125.657
143.366,174.550,143.816,125.657
139.655,172.959,143.816,125.657
142.305,173.490,143.816,125.657
139.655,172.959,143.816,125.657
142.305,173.490,143.816,125.657
141.775,176.140,143.816,125.657
143.366,178.791,143.816,125.657
143.896,175.080,143.816,125.657
139.125,170.309,143.816,125.657
143.896,172.959,143.816,125.657
138.064,168.188,143.816,125.657
147.077,174.020,143.816,125.657
142.305,172.429,143.816,125.657
136.474,168.718,143.816,125.657
148.667,175.610,143.816,125.657
175.705,171.899,143.816,125.657
183.465,169.959,146.998,128.437
176.779,167.976,150.250,131.279
146.959,172.845,153.574,134.184
140.732,167.750,153.574,134.184
145.098,174.091,150.299,131.322
146.760,171.321,150.299,131.322
137.341,168.551,150.299,131.322
130.138,172.429,150.299,131.322
123.302,164.653,153.625,134.228
125.001,168.617,153.625,134.228
123.302,165.786,153.625,134.228
128.399,169.750,153.625,134.228
125.567,164.653,153.625,134.228
129.531,168.617,153.625,134.228
128.965,164.653,153.625,134.228
127.266,167.485,153.625,134.228
127.832,168.051,153.625,134.228
126.133,166.352,153.625,134.228
127.832,169.184,153.625,134.228
123.868,165.219,153.625,134.228
125.567,168.051,153.625,134.228
122.736,164.087,153.625,134.228
122.169,165.786,153.625,134.228
121.603,164.087,153.625,134.228
121.037,162.388,153.625,134.228
123.868,165.219,153.625,134.228
130.098,169.184,153.625,134.228
130.664,165.219,153.625,134.228
127.202,167.847,157.024,137.197
130.096,170.742,157.024,137.197
121.413,164.374,157.024,137.197
127.781,170.742,157.024,137.197
117.940,164.374,157.024,137.197
123.150,171.899,157.024,137.197
128.360,179.424,157.024,137.197
162.511,184.634,157.024,137.197
163.090,189.844,157.024,137.197
160.196,181.161,157.024,137.197
171.194,172.478,157.024,137.197
158.047,178.768,160.498,140.233
143.255,185.276,160.498,140.233
135.272,161.109,157.075,137.242
129.691,156.433,153.726,134.316
128.600,154.042,150.447,131.451
132.877,153.840,147.239,128.648
138.109,156.781,144.099,125.905
138.109,155.564,141.026,123.220
137.589,152.964,141.026,123.220
139.149,152.444,141.026,123.220
138.629,151.925,141.026,123.220
147.467,156.603,141.026,123.220
133.430,152.964,141.026,123.220
125.632,151.405,141.026,123.220
124.630,145.202,138.019,120.592
9.136,188.449,138.019,120.592
4.232,195.129,135.075,118.020
7.718,190.648,135.075,118.020
5.798,196.226,132.195,115.504
9.210,191.840,132.195,115.504
4.824,196.226,132.195,115.504
9.210,191.840,132.195,115.504
4.824,196.226,132.195,115.504
9.210,191.840,132.195,115.504
4.824,196.226,132.195,115.504
9.210,191.840,132.195,115.504
3.849,196.226,132.195,115.504
10.184,191.840,132.195,115.504
4.824,196.226,132.195,115.504
9.210,191.840,132.195,115.504
4.824,196.226,132.195,115.504
9.210,191.840,132.195,115.504
4.824,196.226,132.195,115.504
9.210,191.840,132.195,115.504
4.824,196.226,132.195,115.504
9.210,191.840,132.195,115.504
3.849,196.226,132.195,115.504
9.210,192.815,132.195,115.504
4.824,196.226,132.195,115.504
9.210,191.840,132.195,115.504
4.824,196.226,132.195,115.504
9.210,191.840,132.195,115.504
3.849,196.226,132.195,115.504
9.210,192.815,132.195,115.504
4.824,196.226,132.195,115.504
9.210,191.840,132.195,115.504
4.824,196.226,132.195,115.504
9.210,191.840,132.195,115.504
4.824,196.226,132.195,115.504
9.210,191.840,132.195,115.504
4.824,196.226,132.195,115.504
9.210,191.840,132.195,115.504
3.849,196.226,132.195,115.504
9.210,192.815,132.195,115.504
4.824,196.226,132.195,115.504
9.210,191.840,132.195,115.504
4.824,196.226,132.195,115.504
9.210,191.840,132.195,115.504
4.824,196.226,132.195,115.504
8.235,191.840,132.195,115.504
5.417,197.299,129.376,113.040
9.710,193.007,129.376,113.040
6.371,195.391,129.376,113.040
10.663,191.099,129.376,113.040
5.148,197.361,126.617,110.630
3.348,202.589,123.917,108.271
9.287,197.564,123.917,108.271
12.485,192.540,123.917,108.271
6.546,199.392,123.917,108.271
-0.986,206.251,126.658,110.666
-7.989,208.585,126.658,110.666
-14.993,211.854,126.658,110.666
-27.600,215.122,126.658,110.666
-41.111,216.320,129.461,113.115
-46.361,216.797,129.461,113.115
-43.020,214.411,129.461,113.115
-42.967,214.645,132.325,115.617
-48.333,216.108,132.325,115.617
-44.230,211.287,135.253,118.175
-43.139,212.566,138.245,120.790
-49.427,207.528,141.304,123.462
-47.207,207.784,144.430,126.194
-47.148,203.626,147.626,128.986
-57.250,202.764,150.892,131.840
-53.726,199.574,154.230,134.757
102.063,157.382,157.643,137.738
100.922,154.050,161.131,140.786
93.594,150.643,164.696,143.901
93.661,145.902,168.339,147.084
87.292,148.782,172.064,150.339
84.731,142.512,175.871,153.665
79.422,146.866,179.762,157.065
82.246,141.691,183.739,160.540
76.700,146.239,187.805,164.092
85.700,142.778,187.805,164.092
83.623,149.009,187.805,164.092
89.854,151.086,187.805,164.092
89.161,157.316,187.805,164.092
93.548,150.473,191.960,167.722
90.010,159.672,191.960,167.722
94.963,163.211,191.960,167.722
96.511,160.621,196.207,171.433
101.574,171.470,196.207,171.433
127.169,171.825,200.548,175.226
137.989,170.654,204.985,179.103
167.123,179.118,200.614,175.284
178.216,187.253,200.614,175.284
192.268,190.951,200.614,175.284
203.361,188.732,200.614,175.284
285.449,202.784,200.614,175.284
295.063,210.918,200.614,175.284
284.404,206.678,205.052,179.162
285.159,208.945,205.052,179.162
285.915,208.189,205.052,179.162
289.695,210.457,205.052,179.162
288.211,206.122,209.589,183.126
292.074,208.440,209.589,183.126
280.938,197.597,214.226,187.177
288.045,201.545,214.226,187.177
285.676,199.176,214.226,187.177
289.625,198.387,214.226,187.177
295.715,204.188,209.658,183.186
296.487,206.507,209.658,183.186
302.448,215.165,205.187,179.279
298.666,206.844,205.187,179.279
305.957,216.775,200.811,175.456
308.812,220.787,196.529,171.714
305.189,222.960,196.529,171.714
312.173,228.283,192.338,168.052
309.440,226.657,188.236,164.469
316.129,227.742,184.222,160.961
321.366,231.422,180.293,157.529
325.210,228.618,176.448,154.169
331.480,233.396,172.686,150.882
340.071,231.937,169.003,147.664
329.479,236.298,169.003,147.664
334.284,236.071,165.399,144.515
340.161,239.375,161.872,141.433
341.951,236.392,161.872,141.433
348.854,241.926,158.420,138.417
355.609,243.965,155.042,135.465
353.406,247.062,151.735,132.577
360.954,246.858,148.499,129.749
362.010,250.880,145.333,126.982
368.207,250.684,142.233,124.275
366.186,255.547,139.200,121.624
373.111,256.349,136.232,119.031
368.591,255.847,136.232,119.031
369.093,258.358,136.232,119.031
368.591,254.843,136.232,119.031
372.464,259.500,133.327,116.492
370.006,257.043,133.327,116.492
375.692,259.706,130.483,114.008
372.325,258.263,130.483,114.008
378.816,260.870,127.701,111.577
375.520,259.457,127.701,111.577
376.933,261.811,127.701,111.577
376.462,258.516,127.701,111.577
375.991,262.753,127.701,111.577
374.579,260.399,127.701,111.577
376.933,260.870,127.701,111.577
373.637,262.282,127.701,111.577
377.874,261.811,127.701,111.577
385.134,266.177,124.977,109.197
388.687,268.673,122.312,106.869
385.531,267.321,122.312,106.869
379.669,267.772,122.312,106.869
372.906,270.928,122.312,106.869
376.964,267.772,122.312,106.869
381.022,271.830,122.312,106.869
380.571,268.673,122.312,106.869
380.120,268.222,122.312,106.869
385.080,266.870,122.312,106.869
385.531,266.419,122.312,106.869
385.080,265.968,122.312,106.869
384.629,265.517,122.312,106.869
381.473,263.263,122.312,106.869
376.513,268.222,122.312,106.869
378.768,265.066,122.312,106.869
372.004,268.222,122.312,106.869
375.161,266.870,122.312,106.869
376.513,270.026,122.312,106.869
374.259,271.379,122.312,106.869
373.808,267.321,122.312,106.869
378.768,271.379,122.312,106.869
378.317,270.026,122.312,106.869
383.277,272.280,122.312,106.869
381.022,269.124,122.312,106.869
380.571,272.280,122.312,106.869
383.727,269.124,122.312,106.869
383.728,274.175,119.704,104.590
385.934,272.851,119.704,104.590
383.728,275.058,119.704,104.590
386.817,271.969,119.704,104.590
383.728,275.058,119.704,104.590
387.699,271.969,119.704,104.590
383.728,275.940,119.704,104.590
389.683,273.227,117.151,102.359
387.523,277.114,117.151,102.359
391.686,273.627,114.653,100.176
390.418,278.276,114.653,100.176
391.686,274.472,114.653,100.176
389.573,278.276,114.653,100.176
391.686,273.627,114.653,100.176
389.573,278.276,114.653,100.176
394.462,275.678,112.208,98.040
391.566,278.573,112.208,98.040
391.153,274.850,112.208,98.040
394.048,277.746,112.208,98.040
390.326,275.678,112.208,98.040
390.739,276.919,112.208,98.040
389.498,274.850,112.208,98.040
388.257,275.264,112.208,98.040
387.016,275.678,112.208,98.040
385.776,272.782,112.208,98.040
384.535,274.850,112.208,98.040
389.085,272.782,112.208,98.040
386.189,274.850,112.208,98.040
389.085,272.782,112.208,98.040
386.189,274.023,112.208,98.040
385.776,272.782,112.208,98.040
384.535,272.369,112.208,98.040
384.121,273.610,112.208,98.040
387.844,270.714,112.208,98.040
384.948,272.782,112.208,98.040
387.017,271.541,112.208,98.040
384.948,271.955,112.208,98.040
387.017,272.369,112.208,98.040
384.948,271.955,112.208,98.040
386.189,271.541,112.208,98.040
384.121,271.128,112.208,98.040
386.189,271.541,112.208,98.040
384.948,270.300,112.208,98.040
386.189,270.714,112.208,98.040
384.121,270.300,112.208,98.040
387.016,270.714,112.208,98.040
384.121,270.300,112.208,98.040
387.844,269.060,112.208,98.040
384.948,269.473,112.208,98.040
387.844,269.060,112.208,98.040
384.121,268.646,112.208,98.040
387.016,268.232,112.208,98.040
384.121,270.300,112.208,98.040
387.016,269.060,112.208,98.040
384.121,270.300,112.208,98.040
386.189,269.060,112.208,98.040
384.121,268.646,112.208,98.040
386.189,269.060,112.208,98.040
384.121,268.646,112.208,98.040
387.016,269.060,112.208,98.040
384.121,269.473,112.208,98.040
388.671,269.887,112.208,98.040
384.948,268.646,112.208,98.040
388.671,268.232,112.208,98.040
384.121,270.300,112.208,98.040
382.880,269.060,112.208,98.040
386.603,267.819,112.208,98.040
383.707,269.060,112.208,98.040
387.430,267.819,112.208,98.040
384.535,269.887,112.208,98.040
389.912,269.473,112.208,98.040
387.844,270.714,112.208,98.040
389.912,269.473,112.208,98.040
387.844,271.541,112.208,98.040
386.603,270.301,112.208,98.040
386.189,272.369,112.208,98.040
388.257,270.301,112.208,98.040
386.189,271.541,112.208,98.040
389.085,272.782,112.208,98.040
386.189,270.714,112.208,98.040
385.776,271.128,112.208,98.040
383.707,271.541,112.208,98.040
385.776,270.301,112.208,98.040
384.535,271.541,112.208,98.040
384.121,270.301,112.208,98.040
387.017,271.541,112.208,98.040
384.121,270.301,112.208,98.040
387.017,271.541,112.208,98.040
384.948,270.301,112.208,98.040
388.671,271.541,112.208,98.040
385.776,270.301,112.208,98.040
390.326,271.541,112.208,98.040
388.257,269.473,112.208,98.040
388.671,270.714,112.208,98.040
390.739,268.646,112.208,98.040
390.326,269.060,112.208,98.040
392.394,268.646,112.208,98.040
391.980,270.714,112.208,98.040
389.451,267.484,114.691,100.209
389.874,270.443,114.691,100.209
388.606,269.175,114.691,100.209
390.720,269.598,114.691,100.209
386.915,271.712,114.691,100.209
387.337,270.443,114.691,100.209
388.606,270.021,114.691,100.209
387.337,267.907,114.691,100.209
389.451,266.638,114.691,100.209
388.183,269.598,114.691,100.209
386.915,269.175,114.691,100.209
385.646,270.443,114.691,100.209
384.378,269.175,114.691,100.209
385.646,269.598,114.691,100.209
383.532,270.021,114.691,100.209
385.646,268.752,114.691,100.209
384.378,270.021,114.691,100.209
383.110,269.598,114.691,100.209
388.000,271.074,112.245,98.072
385.104,271.488,112.245,98.072
385.517,271.074,112.245,98.072
383.449,271.488,112.245,98.072
385.517,270.246,112.245,98.072
384.276,271.488,112.245,98.072
386.345,270.246,112.245,98.072
385.931,271.488,112.245,98.072
384.690,270.246,112.245,98.072
388.414,271.488,112.245,98.072
385.517,270.246,112.245,98.072
385.104,271.488,112.245,98.072
387.172,271.074,112.245,98.072
385.931,272.315,112.245,98.072
384.690,271.074,112.245,98.072
387.586,271.488,112.245,98.072
384.690,270.246,112.245,98.072
386.759,270.660,112.245,98.072
383.862,271.074,112.245,98.072
386.759,270.660,112.245,98.072
383.862,271.074,112.245,98.072
386.759,270.660,112.245,98.072
383.862,271.074,112.245,98.072
386.759,270.660,112.245,98.072
383.862,271.074,112.245,98.072
386.759,270.660,112.245,98.072
383.862,271.074,112.245,98.072
386.759,270.660,112.245,98.072
383.862,271.074,112.245,98.072
386.759,270.660,112.245,98.072
383.862,270.246,112.245,98.072
385.931,270.660,112.245,98.072
383.862,270.246,112.245,98.072
386.759,270.660,112.245,98.072
383.862,270.246,112.245,98.072
389.446,272.488,109.851,95.981
385.802,271.274,109.851,95.981
388.636,271.678,109.851,95.981
385.802,272.083,109.851,95.981
387.826,271.678,109.851,95.981
385.802,272.083,109.851,95.981
387.826,271.678,109.851,95.981
385.802,272.083,109.851,95.981
387.826,271.678,109.851,95.981
385.802,272.083,109.851,95.981
387.826,271.678,109.851,95.981
385.802,272.083,109.851,95.981
387.826,271.678,109.851,95.981
385.802,272.083,109.851,95.981
387.826,271.678,109.851,95.981
385.802,272.893,109.851,95.981
387.826,272.488,109.851,95.981
386.611,272.083,109.851,95.981
385.397,270.869,109.851,95.981
389.041,272.083,109.851,95.981
387.016,271.678,109.851,95.981
385.802,272.083,109.851,95.981
388.636,271.678,109.851,95.981
385.802,272.083,109.851,95.981
388.636,270.869,109.851,95.981
