164.000,121.000,27.000,24.000
163.900,120.298,27.000,24.000
165.204,120.599,27.000,24.000
164.903,119.695,27.000,24.000
166.007,119.796,27.000,24.000
165.505,119.695,27.000,24.000
166.208,119.194,27.000,24.000
166.308,119.896,27.000,24.000
166.810,119.796,27.000,24.000
167.512,119.896,27.000,24.000
167.211,119.997,27.000,24.000
166.910,120.298,27.000,24.000
168.014,121.201,27.000,24.000
167.512,121.100,27.000,24.000
168.415,121.201,27.000,24.000
168.114,120.699,27.000,24.000
168.415,119.796,27.000,24.000
169.118,120.097,27.000,24.000
168.817,120.398,27.000,24.000
169.921,120.699,27.000,24.000
170.222,119.796,27.000,24.000
169.921,120.498,27.000,24.000
171.024,121.401,27.000,24.000
170.121,121.301,27.000,24.000
170.623,121.401,27.000,24.000
171.526,121.502,27.000,24.000
171.426,120.398,27.000,24.000
170.924,120.498,27.000,24.000
171.627,119.595,27.000,24.000
170.924,117.889,27.000,24.000
171.627,118.592,27.000,24.000
170.723,119.294,27.000,24.000
171.024,120.197,27.000,24.000
169.921,121.301,27.000,24.000
170.824,121.602,27.000,24.000
170.523,120.699,27.000,24.000
169.820,121.201,27.000,24.000
170.121,120.699,27.000,24.000
169.419,119.997,27.000,24.000
169.720,119.695,27.000,24.000
169.820,119.394,27.000,24.000
170.121,120.699,27.000,24.000
169.018,120.197,27.000,24.000
168.917,122.104,27.000,24.000
169.820,123.007,27.000,24.000
169.319,123.710,27.000,24.000
168.616,124.211,27.000,24.000
169.319,124.312,27.000,24.000
168.415,124.613,27.000,24.000
168.917,123.308,27.000,24.000
169.419,123.609,27.000,24.000
168.315,122.907,27.000,24.000
168.415,123.007,27.000,24.000
168.716,122.706,27.000,24.000
169.018,122.204,27.000,24.000
167.914,122.706,27.000,24.000
169.018,122.004,27.000,24.000
168.114,122.505,27.000,24.000
168.215,122.606,27.000,24.000
168.315,123.107,27.000,24.000
168.415,123.609,27.000,24.000
168.716,122.907,27.000,24.000
168.817,124.211,27.000,24.000
168.716,123.107,27.000,24.000
168.616,122.405,27.000,24.000
168.716,123.107,27.000,24.000
168.616,122.204,27.000,24.000
168.516,122.104,27.000,24.000
167.813,121.401,27.000,24.000
168.716,122.104,27.000,24.000
168.616,122.004,27.000,24.000
168.114,121.903,27.000,24.000
167.813,122.606,27.000,24.000
168.917,123.107,27.000,24.000
168.817,123.408,27.000,24.000
169.118,123.107,27.000,24.000
168.215,122.606,27.000,24.000
168.716,122.706,27.000,24.000
169.620,122.606,27.000,24.000
169.118,122.104,27.000,24.000
169.218,121.803,27.000,24.000
169.118,121.903,27.000,24.000
169.620,122.405,27.000,24.000
170.322,122.706,27.000,24.000
169.820,121.602,27.000,24.000
170.924,121.502,27.000,24.000
170.623,121.803,27.000,24.000
170.723,122.505,27.000,24.000
171.025,122.405,27.000,24.000
170.121,123.107,27.000,24.000
170.824,123.208,27.000,24.000
171.526,123.107,27.000,24.000
171.225,122.004,27.000,24.000
171.326,121.903,27.000,24.000
171.627,122.004,27.000,24.000
172.530,122.505,27.000,24.000
172.429,122.405,27.000,24.000
172.730,123.107,27.000,24.000
173.433,123.007,27.000,24.000
172.730,123.710,27.000,24.000
173.634,122.606,27.000,24.000
173.935,122.907,27.000,24.000
174.236,123.609,27.000,24.000
173.533,123.308,27.000,24.000
174.236,123.609,27.000,24.000
174.537,123.308,27.000,24.000
174.838,124.211,27.000,24.000
175.340,123.509,27.000,24.000
175.239,122.405,27.000,24.000
175.139,122.907,27.000,24.000
175.039,122.204,27.000,24.000
175.540,123.107,27.000,24.000
176.042,123.208,27.000,24.000
175.540,123.107,27.000,24.000
176.243,123.208,27.000,24.000
175.741,123.509,27.000,24.000
176.644,123.408,27.000,24.000
176.142,124.713,27.000,24.000
175.239,123.810,27.000,24.000
175.942,124.111,27.000,24.000
176.644,123.609,27.000,24.000
175.741,122.505,27.000,24.000
175.641,121.803,27.000,24.000
175.540,122.505,27.000,24.000
175.641,123.408,27.000,24.000
175.139,123.710,27.000,24.000
174.436,122.606,27.000,24.000
175.340,123.509,27.000,24.000
174.637,124.412,27.000,24.000
174.651,124.875,27.597,24.531
173.933,124.362,27.597,24.531
174.651,125.286,27.597,24.531
174.343,125.798,27.597,24.531
173.830,124.055,27.597,24.531
174.343,123.337,27.597,24.531
174.035,123.644,27.597,24.531
174.959,124.157,27.597,24.531
175.061,123.439,27.597,24.531
174.548,122.721,27.597,24.531
174.035,123.644,27.597,24.531
174.959,123.542,27.597,24.531
174.758,124.693,27.009,24.008
174.658,123.187,27.009,24.008
174.156,122.284,27.009,24.008
174.056,122.585,27.009,24.008
173.353,121.079,27.009,24.008
174.257,121.782,27.009,24.008
173.353,121.280,27.009,24.008
174.512,121.439,26.433,23.496
173.628,122.324,26.433,23.496
174.119,122.815,26.433,23.496
173.824,121.734,26.433,23.496
173.633,123.216,25.869,22.995
174.372,124.295,25.318,22.504
174.466,123.448,25.318,22.504
174.372,124.107,25.318,22.504
174.654,125.895,25.318,22.504
174.184,126.553,25.318,22.504
173.901,126.271,25.318,22.504
173.807,125.048,25.318,22.504
174.654,125.706,25.318,22.504
174.748,124.859,25.318,22.504
174.842,125.142,25.318,22.504
173.807,125.424,25.318,22.504
174.654,124.201,25.318,22.504
173.926,125.257,24.778,22.025
174.755,126.086,24.778,22.025
174.295,126.362,24.778,22.025
173.282,127.191,24.778,22.025
173.558,127.651,24.778,22.025
174.144,126.739,25.326,22.512
173.108,127.021,25.326,22.512
172.261,126.174,25.326,22.512
173.108,125.703,25.326,22.512
172.449,126.174,25.326,22.512
172.920,126.080,25.326,22.512
172.261,124.668,25.326,22.512
172.732,123.821,25.326,22.512
173.203,124.103,25.326,22.512
172.167,124.574,25.326,22.512
172.450,123.162,25.326,22.512
172.732,123.444,25.326,22.512
172.261,122.032,25.326,22.512
172.355,122.880,25.326,22.512
171.627,122.303,24.786,22.032
172.272,123.132,24.786,22.032
171.627,123.593,24.786,22.032
171.904,122.580,24.786,22.032
170.769,122.814,25.334,22.519
171.130,121.511,24.794,22.039
170.670,121.603,24.794,22.039
171.130,121.327,24.794,22.039
170.301,121.787,24.794,22.039
169.840,119.852,24.794,22.039
170.426,118.939,25.342,22.527
169.955,119.975,25.342,22.527
168.919,120.446,25.342,22.527
169.014,119.975,25.342,22.527
169.738,119.762,24.802,22.046
169.092,119.854,24.802,22.046
169.369,119.208,24.802,22.046
168.171,117.641,24.802,22.046
167.525,116.996,24.802,22.046
168.355,117.641,24.802,22.046
167.341,116.996,24.802,22.046
167.064,117.641,24.802,22.046
167.894,117.549,24.802,22.046
167.433,117.641,24.802,22.046
166.419,118.287,24.802,22.046
166.623,119.095,25.351,22.534
166.717,119.377,25.351,22.534
166.435,119.095,25.351,22.534
165.963,120.508,25.351,22.534
165.492,121.168,25.351,22.534
165.701,122.189,25.912,23.033
164.834,123.056,25.912,23.033
164.930,123.923,25.912,23.033
164.834,125.367,25.912,23.033
164.352,125.078,25.912,23.033
164.565,124.324,26.485,23.542
163.483,124.422,26.485,23.542
163.581,124.127,26.485,23.542
163.089,122.847,26.485,23.542
163.306,121.464,27.071,24.063
162.803,122.570,27.071,24.063
161.898,122.268,27.071,24.063
161.596,122.369,27.071,24.063
161.093,121.665,27.071,24.063
161.999,121.162,27.071,24.063
161.294,121.464,27.071,24.063
162.401,121.162,27.071,24.063
161.898,119.451,27.071,24.063
161.395,119.954,27.071,24.063
162.300,120.256,27.071,24.063
161.999,119.351,27.071,24.063
161.898,120.055,27.071,24.063
162.329,119.267,27.670,24.595
161.609,119.781,27.670,24.595
162.329,118.033,27.670,24.595
161.609,117.313,27.670,24.595
162.329,117.004,27.670,24.595
162.432,116.902,27.670,24.595
162.535,117.416,27.670,24.595
162.638,117.930,27.670,24.595
162.946,116.182,27.670,24.595
163.460,117.313,27.670,24.595
162.741,117.621,27.670,24.595
163.255,116.902,27.670,24.595
162.741,114.948,27.670,24.595
163.460,114.639,27.670,24.595
163.769,115.565,27.670,24.595
164.694,114.845,27.670,24.595
164.180,113.919,27.670,24.595
164.283,114.228,27.670,24.595
164.797,114.742,27.670,24.595
165.312,114.022,27.670,24.595
164.592,115.565,27.670,24.595
165.517,116.696,27.670,24.595
165.003,117.210,27.670,24.595
165.929,116.079,27.670,24.595
166.031,116.182,27.670,24.595
166.340,115.050,27.670,24.595
165.620,115.770,27.670,24.595
166.546,115.462,27.670,24.595
166.648,115.976,27.670,24.595
167.163,115.050,27.670,24.595
167.882,115.153,27.670,24.595
167.780,115.873,27.670,24.595
167.882,115.565,27.670,24.595
167.985,116.284,27.670,24.595
168.500,116.182,27.670,24.595
167.780,116.696,27.670,24.595
168.911,116.182,27.670,24.595
169.219,116.079,27.670,24.595
168.294,116.799,27.670,24.595
169.219,116.696,27.670,24.595
169.528,117.416,27.670,24.595
170.248,117.724,27.670,24.595
169.734,116.593,27.670,24.595
170.659,118.136,27.670,24.595
171.173,117.210,27.670,24.595
170.659,117.930,27.670,24.595
171.585,116.593,27.670,24.595
171.893,117.724,27.670,24.595
172.613,117.004,27.670,24.595
172.305,117.724,27.670,24.595
172.407,118.033,27.670,24.595
172.510,118.341,27.670,24.595
173.230,118.855,27.670,24.595
172.716,117.313,27.670,24.595
173.642,117.621,27.670,24.595
173.744,119.370,27.670,24.595
174.670,119.061,27.670,24.595
174.773,118.547,27.670,24.595
175.081,119.267,27.670,24.595
175.184,118.547,27.670,24.595
174.259,119.884,27.670,24.595
175.184,119.164,27.670,24.595
174.464,118.444,27.670,24.595
174.978,118.958,27.670,24.595
175.493,117.210,27.670,24.595
174.978,118.136,27.670,24.595
175.698,118.033,27.670,24.595
175.801,118.341,27.670,24.595
175.493,119.472,27.670,24.595
175.595,119.575,27.670,24.595
175.287,119.884,27.670,24.595
174.773,119.781,27.670,24.595
175.904,119.678,27.670,24.595
175.801,120.604,27.670,24.595
175.698,120.501,27.670,24.595
175.595,119.370,27.670,24.595
175.493,119.678,27.670,24.595
175.595,120.398,27.670,24.595
175.698,120.707,27.670,24.595
175.390,119.987,27.670,24.595
174.876,120.501,27.670,24.595
175.801,121.221,27.670,24.595
175.698,121.324,27.670,24.595
175.390,121.221,27.670,24.595
175.287,121.735,27.670,24.595
174.773,120.604,27.670,24.595
175.493,121.324,27.670,24.595
174.773,120.604,27.670,24.595
175.081,120.090,27.670,24.595
175.390,121.221,27.670,24.595
174.670,120.912,27.670,24.595
175.184,119.781,27.670,24.595
174.259,118.444,27.670,24.595
174.361,119.164,27.670,24.595
174.053,119.678,27.670,24.595
174.978,119.575,27.670,24.595
174.876,118.855,27.670,24.595
174.361,118.547,27.670,24.595
173.847,119.472,27.670,24.595
174.288,119.520,28.282,25.140
173.342,118.995,28.282,25.140
172.816,119.520,28.282,25.140
173.973,119.836,28.282,25.140
172.396,120.361,28.282,25.140
172.711,120.677,28.282,25.140
172.186,119.310,28.282,25.140
171.660,120.677,28.282,25.140
172.186,119.731,28.282,25.140
170.455,119.344,28.908,25.696
170.133,119.451,28.908,25.696
169.166,118.914,28.908,25.696
169.488,119.021,28.908,25.696
168.736,119.773,28.908,25.696
169.273,119.666,28.908,25.696
167.662,119.344,28.908,25.696
167.769,120.310,28.908,25.696
166.802,119.988,28.908,25.696
166.050,119.236,28.908,25.696
165.083,119.988,28.908,25.696
164.761,119.236,28.908,25.696
165.513,119.344,28.908,25.696
164.546,119.021,28.908,25.696
164.868,119.773,28.908,25.696
165.405,119.666,28.908,25.696
164.438,119.773,28.908,25.696
164.116,119.021,28.908,25.696
163.149,119.129,28.908,25.696
164.116,119.021,28.908,25.696
163.794,119.773,28.908,25.696
164.477,118.040,29.547,26.264
163.708,118.589,29.547,26.264
164.697,117.601,29.547,26.264
164.028,117.424,30.201,26.845
164.365,117.985,30.201,26.845
164.477,118.098,30.201,26.845
163.467,117.536,30.201,26.845
164.414,117.822,30.869,27.439
164.529,117.477,30.869,27.439
164.414,116.215,30.869,27.439
164.299,116.789,30.869,27.439
164.873,117.822,30.869,27.439
163.840,117.936,30.869,27.439
164.414,117.363,30.869,27.439
164.987,116.330,30.869,27.439
164.184,115.986,30.869,27.439
164.758,117.707,30.869,27.439
163.955,117.133,30.869,27.439
164.987,117.477,30.869,27.439
164.414,116.674,30.869,27.439
165.446,117.248,30.869,27.439
165.332,118.969,30.869,27.439
165.676,118.625,30.869,27.439
164.414,118.281,30.869,27.439
165.676,117.018,30.869,27.439
165.102,117.822,30.869,27.439
166.135,116.560,30.869,27.439
165.561,116.674,30.869,27.439
166.594,117.707,30.869,27.439
165.332,118.281,30.869,27.439
166.594,118.395,30.869,27.439
165.561,117.822,30.869,27.439
167.053,118.625,30.869,27.439
165.878,119.154,31.552,28.046
165.761,119.741,31.552,28.046
165.643,118.216,31.552,28.046
166.933,119.272,31.552,28.046
165.878,120.093,31.552,28.046
166.464,119.741,31.552,28.046
166.581,119.389,31.552,28.046
166.933,119.037,31.552,28.046
165.878,118.920,31.552,28.046
165.761,118.334,31.552,28.046
165.409,118.685,31.552,28.046
166.464,119.037,31.552,28.046
166.112,119.389,31.552,28.046
165.995,119.741,31.552,28.046
166.112,120.093,31.552,28.046
166.464,119.037,31.552,28.046
166.347,119.154,31.552,28.046
167.168,119.741,31.552,28.046
166.347,118.920,31.552,28.046
167.168,117.864,31.552,28.046
166.347,118.685,31.552,28.046
167.402,118.334,31.552,28.046
167.754,119.154,31.552,28.046
166.699,119.506,31.552,28.046
167.989,118.451,31.552,28.046
167.402,119.975,31.552,28.046
168.223,119.154,31.552,28.046
167.402,119.975,31.552,28.046
168.458,119.154,31.552,28.046
168.106,120.210,31.552,28.046
168.223,118.920,31.552,28.046
167.871,117.864,31.552,28.046
167.520,118.685,31.552,28.046
168.575,119.506,31.552,28.046
168.458,120.093,31.552,28.046
167.871,119.975,31.552,28.046
167.285,119.154,31.552,28.046
168.341,120.210,31.552,28.046
167.520,120.093,31.552,28.046
168.341,120.444,31.552,28.046
167.051,120.327,31.552,28.046
167.637,119.975,31.552,28.046
168.223,120.562,31.552,28.046
167.402,119.975,31.552,28.046
167.520,120.796,31.552,28.046
167.402,120.679,31.552,28.046
167.051,120.562,31.552,28.046
166.230,119.741,31.552,28.046
166.816,119.624,31.552,28.046
165.526,120.444,31.552,28.046
166.816,121.265,31.552,28.046
165.057,121.148,31.552,28.046
165.409,120.093,31.552,28.046
164.822,120.679,31.552,28.046
163.532,121.265,31.552,28.046
164.588,121.383,31.552,28.046
163.532,121.500,31.552,28.046
163.884,119.975,31.552,28.046
162.360,120.796,31.552,28.046
163.181,121.617,31.552,28.046
161.656,121.265,31.552,28.046
162.243,122.321,31.552,28.046
161.187,122.438,31.552,28.046
160.835,122.321,31.552,28.046
159.545,121.734,31.552,28.046
160.366,121.617,31.552,28.046
159.076,121.969,31.552,28.046
158.724,123.024,31.552,28.046
157.669,122.203,31.552,28.046
158.490,122.555,31.552,28.046
157.434,122.673,31.552,28.046
156.614,123.024,31.552,28.046
156.496,122.203,31.552,28.046
155.441,122.321,31.552,28.046
154.620,122.907,31.552,28.046
155.206,121.617,31.552,28.046
153.213,122.203,31.552,28.046
152.626,122.555,31.552,28.046
152.509,121.265,31.552,28.046
151.688,121.617,31.552,28.046
151.102,120.562,31.552,28.046
150.516,120.913,31.552,28.046
149.315,121.212,32.250,28.667
147.590,121.516,32.964,29.301
146.487,119.678,32.964,29.301
147.100,118.821,32.964,29.301
145.997,119.924,32.964,29.301
145.875,121.271,32.964,29.301
144.772,121.394,32.964,29.301
143.915,120.291,32.964,29.301
143.547,120.414,32.964,29.301
142.935,119.066,32.964,29.301
143.302,120.414,32.964,29.301
142.689,120.536,32.964,29.301
141.689,119.831,33.693,29.950
141.187,120.149,34.439,30.612
140.803,118.741,34.439,30.612
139.907,117.589,34.439,30.612
140.035,119.509,34.439,30.612
139.651,120.405,34.439,30.612
140.291,120.533,34.439,30.612
139.139,118.869,34.439,30.612
138.499,117.717,34.439,30.612
139.395,117.589,34.439,30.612
138.243,117.973,34.439,30.612
137.859,117.333,34.439,30.612
136.548,117.393,35.201,31.289
137.109,116.911,35.979,31.982
136.173,117.312,35.979,31.982
136.307,117.446,35.979,31.982
135.370,118.382,35.979,31.982
134.969,119.050,35.979,31.982
134.301,118.382,35.979,31.982
134.596,117.334,36.776,32.689
133.913,118.018,36.776,32.689
132.136,118.428,36.776,32.689
132.546,119.111,36.776,32.689
131.863,118.154,36.776,32.689
130.359,117.471,36.776,32.689
131.043,117.334,36.776,32.689
129.539,118.564,36.776,32.689
129.676,118.701,36.776,32.689
128.172,117.471,36.776,32.689
128.309,118.428,36.776,32.689
127.626,117.471,36.776,32.689
126.669,118.428,36.776,32.689
125.985,117.744,36.776,32.689
126.122,116.788,36.776,32.689
125.985,117.198,36.776,32.689
125.575,118.154,36.776,32.689
125.439,116.651,36.776,32.689
125.172,117.658,35.991,31.992
124.771,118.059,35.991,31.992
124.102,118.461,35.991,31.992
123.968,118.595,35.991,31.992
123.032,117.123,35.991,31.992
123.433,117.792,35.991,31.992
122.764,117.123,35.991,31.992
122.095,117.792,35.991,31.992
121.694,116.588,35.991,31.992
121.025,116.989,35.991,31.992
120.624,116.588,35.991,31.992
119.955,116.454,35.991,31.992
120.089,116.320,35.991,31.992
120.086,116.790,35.224,31.310
119.578,116.746,34.473,30.642
119.450,116.618,34.473,30.642
118.553,116.233,34.473,30.642
117.913,116.874,34.473,30.642
118.404,118.312,33.737,29.989
118.027,118.939,33.737,29.989
115.896,118.563,33.737,29.989
115.269,117.685,33.737,29.989
115.508,119.334,33.018,29.349
113.667,119.212,33.018,29.349
114.035,120.316,33.018,29.349
113.176,120.439,33.018,29.349
113.053,118.598,33.018,29.349
113.997,118.793,32.314,28.723
111.770,118.600,33.029,29.359
112.042,117.893,33.760,30.009
111.017,118.732,34.507,30.672
109.970,118.260,35.270,31.351
108.628,118.321,36.050,32.045
107.256,117.550,36.848,32.754
107.119,116.865,36.848,32.754
106.570,116.076,37.663,33.478
106.008,116.432,38.497,34.219
103.949,115.014,39.348,34.976
103.665,114.779,40.219,35.750
103.217,115.228,40.219,35.750
103.964,115.676,40.219,35.750
102.434,114.195,41.109,36.541
102.281,115.570,41.109,36.541
101.034,114.373,42.018,37.350
100.877,114.529,42.018,37.350
102.283,113.124,42.018,37.350
101.190,113.905,42.018,37.350
100.409,112.187,42.018,37.350
100.877,113.905,42.018,37.350
101.658,114.373,42.018,37.350
100.059,112.502,42.948,38.176
99.580,113.938,42.948,38.176
98.782,113.779,42.948,38.176
98.942,115.215,42.948,38.176
99.421,113.779,42.948,38.176
100.219,114.258,42.948,38.176
99.102,113.140,42.948,38.176
99.261,113.300,42.948,38.176
99.740,113.779,42.948,38.176
98.106,113.522,43.898,39.021
98.595,112.706,43.898,39.021
98.106,113.196,43.898,39.021
98.921,112.054,43.898,39.021
98.106,110.912,43.898,39.021
98.595,113.033,43.898,39.021
97.453,111.238,43.898,39.021
98.921,112.054,43.898,39.021
97.779,109.933,43.898,39.021
97.290,111.401,43.898,39.021
98.432,111.238,43.898,39.021
97.100,111.991,44.869,39.884
96.600,111.491,44.869,39.884
97.434,112.658,44.869,39.884
96.933,111.157,44.869,39.884
97.100,112.658,44.869,39.884
96.266,110.824,44.869,39.884
96.099,111.991,44.869,39.884
96.266,111.157,44.869,39.884
95.766,111.658,44.869,39.884
96.600,112.158,44.869,39.884
96.099,112.658,44.869,39.884
95.599,111.824,44.869,39.884
96.099,111.658,44.869,39.884
95.266,111.491,44.869,39.884
95.766,111.991,44.869,39.884
96.600,110.490,44.869,39.884
94.892,110.914,45.862,40.766
94.722,110.744,45.862,40.766
94.551,110.914,45.862,40.766
95.744,111.426,45.862,40.766
94.551,110.573,45.862,40.766
95.404,110.744,45.862,40.766
94.551,111.937,45.862,40.766
95.744,110.403,45.862,40.766
94.210,109.891,45.862,40.766
94.722,110.062,45.862,40.766
92.976,110.141,46.877,41.668
94.196,110.316,46.877,41.668
92.976,110.490,46.877,41.668
93.848,111.013,46.877,41.668
94.719,109.445,46.877,41.668
93.499,110.664,46.877,41.668
93.673,111.187,46.877,41.668
94.196,109.619,46.877,41.668
92.628,110.141,46.877,41.668
94.196,108.573,46.877,41.668
92.628,109.793,46.877,41.668
93.848,109.270,46.877,41.668
92.976,109.793,46.877,41.668
93.499,108.922,46.877,41.668
92.280,109.793,46.877,41.668
92.802,109.270,46.877,41.668
92.628,109.793,46.877,41.668
93.151,108.225,46.877,41.668
91.931,109.793,46.877,41.668
93.151,108.922,46.877,41.668
91.583,109.793,46.877,41.668
92.802,108.225,46.877,41.668
92.280,109.445,46.877,41.668
91.060,109.967,46.877,41.668
92.976,108.748,46.877,41.668
91.757,109.270,46.877,41.668
91.583,109.793,46.877,41.668
91.757,109.270,46.877,41.668
91.234,109.445,46.877,41.668
90.015,110.316,46.877,41.668
91.583,110.838,46.877,41.668
90.363,111.013,46.877,41.668
90.537,110.838,46.877,41.668
91.060,109.967,46.877,41.668
90.886,110.838,46.877,41.668
90.712,111.013,46.877,41.668
89.840,111.535,46.877,41.668
90.712,112.406,46.877,41.668
89.840,111.884,46.877,41.668
90.015,112.058,46.877,41.668
90.537,111.535,46.877,41.668
88.969,112.755,46.877,41.668
90.189,110.838,46.877,41.668
88.621,112.058,46.877,41.668
88.795,112.581,46.877,41.668
88.969,113.452,46.877,41.668
89.143,111.535,46.877,41.668
87.575,111.361,46.877,41.668
88.098,112.232,46.877,41.668
86.879,112.058,46.877,41.668
87.750,111.884,46.877,41.668
86.879,112.058,46.877,41.668
87.053,112.232,46.877,41.668
87.227,112.058,46.877,41.668
86.007,112.581,46.877,41.668
86.879,112.755,46.877,41.668
86.007,112.929,46.877,41.668
86.530,113.103,46.877,41.668
86.007,112.929,46.877,41.668
85.668,113.205,45.877,40.780
85.838,112.694,45.877,40.780
85.668,113.887,45.877,40.780
85.497,115.081,45.877,40.780
86.350,114.911,45.877,40.780
86.179,114.058,45.877,40.780
85.668,115.593,45.877,40.780
85.156,115.081,45.877,40.780
85.668,114.911,45.877,40.780
85.156,113.035,45.877,40.780
85.668,112.864,45.877,40.780
84.815,113.376,45.877,40.780
84.986,113.887,45.877,40.780
85.156,114.058,45.877,40.780
85.327,114.570,45.877,40.780
85.497,113.376,45.877,40.780
85.668,113.546,45.877,40.780
84.474,113.717,45.877,40.780
85.327,114.228,45.877,40.780
85.156,113.035,45.877,40.780
84.304,113.205,45.877,40.780
85.156,110.307,45.877,40.780
84.304,111.159,45.877,40.780
85.156,111.671,45.877,40.780
84.304,112.523,45.877,40.780
85.156,111.330,45.877,40.780
84.304,111.841,45.877,40.780
85.497,112.012,45.877,40.780
84.986,111.500,45.877,40.780
84.474,111.330,45.877,40.780
85.668,110.136,45.877,40.780
84.474,110.648,45.877,40.780
85.668,111.159,45.877,40.780
84.133,110.307,45.877,40.780
85.327,110.818,45.877,40.780
85.156,111.671,45.877,40.780
85.327,110.818,45.877,40.780
85.838,111.671,45.877,40.780
84.645,111.841,45.877,40.780
85.838,110.648,45.877,40.780
84.986,111.841,45.877,40.780
85.838,112.353,45.877,40.780
86.009,110.818,45.877,40.780
85.497,111.671,45.877,40.780
87.373,110.136,45.877,40.780
86.520,109.625,45.877,40.780
87.032,111.159,45.877,40.780
86.179,110.989,45.877,40.780
87.032,111.841,45.877,40.780
86.861,110.989,45.877,40.780
86.691,111.500,45.877,40.780
87.543,110.989,45.877,40.780
88.737,112.182,45.877,40.780
87.543,111.330,45.877,40.780
89.419,111.841,45.877,40.780
88.566,112.353,45.877,40.780
88.396,110.477,45.877,40.780
89.589,110.648,45.877,40.780
88.396,111.841,45.877,40.780
89.930,111.330,45.877,40.780
89.078,110.818,45.877,40.780
89.589,111.671,45.877,40.780
89.078,110.818,45.877,40.780
90.271,112.353,45.877,40.780
89.760,112.182,45.877,40.780
90.271,111.330,45.877,40.780
89.760,111.841,45.877,40.780
90.612,111.330,45.877,40.780
89.760,111.500,45.877,40.780
90.271,112.353,45.877,40.780
91.806,111.500,45.877,40.780
90.612,112.353,45.877,40.780
91.124,110.818,45.877,40.780
90.612,112.012,45.877,40.780
90.783,112.523,45.877,40.780
91.635,112.353,45.877,40.780
90.783,112.523,45.877,40.780
91.635,112.012,45.877,40.780
90.783,112.523,45.877,40.780
92.317,110.989,45.877,40.780
92.147,112.523,45.877,40.780
93.000,111.330,45.877,40.780
91.806,112.182,45.877,40.780
93.000,110.989,45.877,40.780
92.147,112.523,45.877,40.780
93.000,112.353,45.877,40.780
93.170,111.500,45.877,40.780
92.317,112.694,45.877,40.780
93.852,111.841,45.877,40.780
92.659,113.376,45.877,40.780
93.852,111.841,45.877,40.780
93.000,112.694,45.877,40.780
94.193,111.841,45.877,40.780
94.023,113.376,45.877,40.780
94.193,113.205,45.877,40.780
94.364,112.694,45.877,40.780
94.875,111.500,45.877,40.780
94.023,110.989,45.877,40.780
94.193,112.182,45.877,40.780
95.833,111.795,44.899,39.910
94.998,112.296,44.899,39.910
96.500,113.130,44.899,39.910
95.666,113.631,44.899,39.910
96.834,112.463,44.899,39.910
96.000,113.965,44.899,39.910
97.501,113.130,44.899,39.910
96.333,113.965,44.899,39.910
97.501,112.797,44.899,39.910
97.001,112.964,44.899,39.910
98.503,112.129,44.899,39.910
97.335,113.965,44.899,39.910
97.835,114.465,44.899,39.910
98.670,114.966,44.899,39.910
98.169,112.797,44.899,39.910
98.670,111.295,44.899,39.910
98.169,113.464,44.899,39.910
97.668,114.299,44.899,39.910
98.836,113.798,44.899,39.910
99.003,112.630,44.899,39.910
98.836,111.795,44.899,39.910
98.002,112.964,44.899,39.910
98.503,112.463,44.899,39.910
97.668,113.631,44.899,39.910
98.503,112.129,44.899,39.910
97.335,112.964,44.899,39.910
97.835,111.795,44.899,39.910
97.668,112.296,44.899,39.910
97.501,113.464,44.899,39.910
97.001,113.631,44.899,39.910
98.503,112.129,44.899,39.910
97.001,113.297,44.899,39.910
97.835,112.463,44.899,39.910
97.335,113.631,44.899,39.910
96.500,112.797,44.899,39.910
97.001,113.297,44.899,39.910
97.501,112.797,44.899,39.910
96.333,113.297,44.899,39.910
96.500,113.464,44.899,39.910
96.667,113.965,44.899,39.910
96.500,112.463,44.899,39.910
96.000,113.631,44.899,39.910
96.834,112.129,44.899,39.910
95.666,113.297,44.899,39.910
95.165,114.132,44.899,39.910
94.665,114.299,44.899,39.910
95.833,115.467,44.899,39.910
97.001,115.300,44.899,39.910
98.503,113.464,44.899,39.910
98.670,113.297,44.899,39.910
98.169,113.464,44.899,39.910
97.001,112.964,44.899,39.910
97.501,112.463,44.899,39.910
96.000,112.964,44.899,39.910
96.500,112.797,44.899,39.910
96.333,113.297,44.899,39.910
95.833,115.133,44.899,39.910
96.000,113.965,44.899,39.910
96.834,114.799,44.899,39.910
96.667,114.299,44.899,39.910
96.166,114.799,44.899,39.910
96.806,113.777,43.941,39.059
97.296,113.614,43.941,39.059
96.479,114.757,43.941,39.059
96.790,114.387,43.004,38.226
95.991,114.546,43.004,38.226
96.151,115.346,43.004,38.226
97.688,115.291,42.087,37.411
96.593,114.509,42.087,37.411
96.124,115.291,42.087,37.411
96.906,115.135,42.087,37.411
96.124,114.665,42.087,37.411
95.967,116.073,42.087,37.411
96.869,114.813,41.190,36.613
97.022,115.579,41.190,36.613
98.199,117.002,40.311,35.832
96.850,115.654,40.311,35.832
96.101,117.302,40.311,35.832
97.150,115.354,40.311,35.832
97.000,114.905,40.311,35.832
96.551,117.152,40.311,35.832
97.000,115.204,40.311,35.832
95.951,116.553,40.311,35.832
97.000,114.605,40.311,35.832
96.251,115.953,40.311,35.832
97.300,116.103,40.311,35.832
96.850,114.156,40.311,35.832
95.627,112.982,41.203,36.625
96.699,115.279,41.203,36.625
95.767,113.762,42.115,37.435
95.297,115.797,42.115,37.435
95.767,114.075,42.115,37.435
94.164,113.823,43.047,38.264
95.284,115.583,43.047,38.264
95.124,115.103,43.047,38.264
95.284,113.983,43.047,38.264
95.124,114.463,43.047,38.264
94.964,114.623,43.047,38.264
94.804,115.103,43.047,38.264
94.644,113.343,43.047,38.264
94.164,113.823,43.047,38.264
95.604,113.663,43.047,38.264
94.484,115.743,43.047,38.264
94.004,116.223,43.047,38.264
94.804,114.143,43.047,38.264
93.166,114.550,43.999,39.110
94.310,113.078,43.999,39.110
93.166,115.531,43.999,39.110
93.983,113.405,43.999,39.110
93.820,115.858,43.999,39.110
92.824,114.238,44.972,39.975
92.991,115.408,44.972,39.975
92.490,114.906,44.972,39.975
92.323,115.073,44.972,39.975
91.487,116.912,44.972,39.975
92.991,116.410,44.972,39.975
92.155,116.912,44.972,39.975
91.320,115.073,44.972,39.975
92.490,113.903,44.972,39.975
91.654,114.405,44.972,39.975
92.490,114.238,44.972,39.975
91.654,115.408,44.972,39.975
92.824,115.575,44.972,39.975
91.988,116.410,44.972,39.975
92.490,116.578,44.972,39.975
91.654,116.076,44.972,39.975
92.939,117.308,44.013,39.123
92.448,118.126,44.013,39.123
92.285,115.999,44.013,39.123
92.448,115.181,44.013,39.123
92.285,115.018,44.013,39.123
92.121,115.181,44.013,39.123
91.630,115.999,44.013,39.123
92.776,115.181,44.013,39.123
92.285,115.345,44.013,39.123
91.467,116.163,44.013,39.123
92.939,115.672,44.013,39.123
93.430,115.181,44.013,39.123
92.285,115.345,44.013,39.123
92.776,115.181,44.013,39.123
93.266,114.691,44.013,39.123
92.776,114.527,44.013,39.123
93.266,114.363,44.013,39.123
92.121,115.181,44.013,39.123
93.266,115.345,44.013,39.123
92.776,115.836,44.013,39.123
93.921,114.691,44.013,39.123
93.757,115.181,44.013,39.123
93.266,116.654,44.013,39.123
92.776,115.181,44.013,39.123
94.248,114.691,44.013,39.123
93.103,113.546,44.013,39.123
93.593,113.709,44.013,39.123
94.084,114.200,44.013,39.123
93.593,114.363,44.013,39.123
95.066,113.873,44.013,39.123
93.593,114.036,44.013,39.123
95.066,113.873,44.013,39.123
94.248,114.036,44.013,39.123
95.393,113.546,44.013,39.123
95.556,113.055,44.013,39.123
96.047,114.527,44.013,39.123
94.902,113.709,44.013,39.123
96.702,113.218,44.013,39.123
95.884,114.691,44.013,39.123
97.356,114.527,44.013,39.123
96.211,114.363,44.013,39.123
96.047,115.508,44.013,39.123
97.192,114.363,44.013,39.123
96.702,115.836,44.013,39.123
98.501,115.345,44.013,39.123
97.683,116.490,44.013,39.123
98.828,114.691,44.013,39.123
98.992,115.508,44.013,39.123
99.810,115.018,44.013,39.123
98.992,116.490,44.013,39.123
99.482,115.672,44.013,39.123
97.808,115.409,44.987,39.989
98.177,114.446,45.983,40.873
97.137,115.235,47.000,41.778
97.311,114.012,47.000,41.778
97.835,113.838,47.000,41.778
98.359,113.663,47.000,41.778
98.021,114.107,48.040,42.702
97.842,112.143,48.040,42.702
97.664,113.393,48.040,42.702
98.199,111.429,48.040,42.702
98.021,112.322,48.040,42.702
98.556,111.429,48.040,42.702
97.306,111.964,48.040,42.702
98.913,112.143,48.040,42.702
98.021,112.679,48.040,42.702
98.913,111.786,48.040,42.702
98.021,112.322,48.040,42.702
99.271,111.429,48.040,42.702
99.092,111.607,48.040,42.702
99.271,112.143,48.040,42.702
99.092,111.250,48.040,42.702
99.628,110.715,48.040,42.702
98.735,111.607,48.040,42.702
99.271,111.429,48.040,42.702
99.806,110.536,48.040,42.702
98.556,110.715,48.040,42.702
98.735,111.250,48.040,42.702
98.556,111.786,48.040,42.702
98.378,112.679,48.040,42.702
98.913,113.571,48.040,42.702
98.021,113.750,48.040,42.702
98.556,113.571,48.040,42.702
97.306,114.464,48.040,42.702
98.556,113.214,48.040,42.702
96.949,114.107,48.040,42.702
97.485,114.643,48.040,42.702
96.235,114.107,48.040,42.702
97.128,115.000,48.040,42.702
95.878,115.535,48.040,42.702
95.342,116.071,48.040,42.702
95.521,116.607,48.040,42.702
94.271,114.643,48.040,42.702
92.813,114.356,49.103,43.647
92.631,115.633,49.103,43.647
92.084,115.816,49.103,43.647
91.171,114.538,49.103,43.647
90.259,115.816,49.103,43.647
90.806,114.538,49.103,43.647
90.259,115.816,49.103,43.647
89.905,114.765,50.189,44.612
88.972,113.459,50.189,44.612
88.412,114.392,50.189,44.612
87.480,114.205,50.189,44.612
87.666,114.019,50.189,44.612
87.107,114.951,50.189,44.612
87.666,114.765,50.189,44.612
86.360,115.324,50.189,44.612
87.666,114.392,50.189,44.612
85.987,114.951,50.189,44.612
86.920,114.018,50.189,44.612
85.614,114.951,50.189,44.612
85.801,114.392,50.189,44.612
85.241,114.205,50.189,44.612
86.174,113.645,50.189,44.612
85.241,114.578,50.189,44.612
84.105,113.117,51.299,45.600
83.533,113.689,51.299,45.600
84.487,113.117,51.299,45.600
83.152,113.308,51.299,45.600
83.343,113.498,51.299,45.600
83.533,113.308,51.299,45.600
82.961,112.736,51.299,45.600
82.389,111.782,51.299,45.600
82.961,111.973,51.299,45.600
82.008,112.164,51.299,45.600
82.199,111.973,51.299,45.600
82.008,111.782,51.299,45.600
81.817,111.973,51.299,45.600
82.771,112.164,51.299,45.600
81.817,113.117,51.299,45.600
82.548,113.787,50.205,44.627
81.988,112.854,50.205,44.627
82.921,112.667,50.205,44.627
81.988,113.227,50.205,44.627
82.921,112.667,50.205,44.627
81.988,113.974,50.205,44.627
82.175,114.906,50.205,44.627
83.481,113.974,50.205,44.627
81.802,114.160,50.205,44.627
82.735,112.854,50.205,44.627
81.802,113.414,50.205,44.627
82.735,113.974,50.205,44.627
82.175,114.907,50.205,44.627
83.108,114.720,50.205,44.627
82.175,114.907,50.205,44.627
83.481,115.839,50.205,44.627
82.175,116.772,50.205,44.627
83.108,117.332,50.205,44.627
81.585,116.645,51.316,45.614
82.157,116.454,51.316,45.614
83.492,114.738,51.316,45.614
82.157,116.454,51.316,45.614
83.492,115.119,51.316,45.614
82.157,116.454,51.316,45.614
83.873,115.501,51.316,45.614
82.538,116.836,51.316,45.614
82.729,115.501,51.316,45.614
83.301,116.073,51.316,45.614
83.873,117.408,51.316,45.614
81.921,116.705,52.452,46.624
82.895,114.951,52.452,46.624
81.921,114.366,52.452,46.624
82.505,113.391,52.452,46.624
83.090,113.976,52.452,46.624
82.115,113.391,52.452,46.624
82.310,113.976,52.452,46.624
82.505,113.391,52.452,46.624
82.700,113.976,52.452,46.624
83.285,113.391,52.452,46.624
81.921,113.586,52.452,46.624
81.726,114.561,52.452,46.624
83.090,113.976,52.452,46.624
81.726,114.951,52.452,46.624
81.752,112.615,53.612,47.655
81.154,112.814,53.612,47.655
81.752,113.013,53.612,47.655
81.154,113.611,53.612,47.655
81.150,114.311,52.469,46.639
81.735,112.166,52.469,46.639
81.540,112.361,52.469,46.639
81.345,112.946,52.469,46.639
81.150,112.751,52.469,46.639
80.565,112.946,52.469,46.639
80.760,112.751,52.469,46.639
80.955,112.556,52.469,46.639
79.980,113.531,52.469,46.639
80.175,113.336,52.469,46.639
80.370,113.921,52.469,46.639
79.587,111.989,53.630,47.671
78.989,112.986,53.630,47.671
80.384,111.989,53.630,47.671
78.989,112.587,53.630,47.671
79.986,112.786,53.630,47.671
78.989,113.783,53.630,47.671
79.369,112.178,52.486,46.654
79.954,111.983,52.486,46.654
78.979,112.568,52.486,46.654
78.784,113.544,52.486,46.654
78.979,113.348,52.486,46.654
79.174,113.153,52.486,46.654
78.588,112.958,52.486,46.654
79.954,112.373,52.486,46.654
78.588,112.178,52.486,46.654
79.564,111.983,52.486,46.654
78.979,111.788,52.486,46.654
78.003,111.983,52.486,46.654
78.588,112.178,52.486,46.654
79.174,112.373,52.486,46.654
78.198,112.178,52.486,46.654
78.784,110.813,52.486,46.654
77.808,111.788,52.486,46.654
77.223,112.373,52.486,46.654
77.418,112.958,52.486,46.654
76.635,112.240,53.647,47.686
78.168,112.940,52.503,46.670
77.192,113.526,52.503,46.670
77.387,113.721,52.503,46.670
77.007,114.031,51.384,45.674
78.344,113.076,51.384,45.674
77.389,114.413,51.384,45.674
79.225,113.979,50.288,44.700
77.917,114.540,50.288,44.700
77.730,115.101,50.288,44.700
79.038,114.166,50.288,44.700
77.730,115.474,50.288,44.700
78.664,115.661,50.288,44.700
79.225,113.605,50.288,44.700
77.917,115.288,50.288,44.700
77.730,115.101,50.288,44.700
79.038,114.166,50.288,44.700
77.730,113.605,50.288,44.700
78.664,114.540,50.288,44.700
78.478,114.727,50.288,44.700
76.952,114.814,51.400,45.689
78.289,115.005,51.400,45.689
78.862,114.814,51.400,45.689
77.907,115.387,51.400,45.689
78.862,114.050,51.400,45.689
78.289,115.387,51.400,45.689
79.244,113.668,51.400,45.689
79.053,115.005,51.400,45.689
78.862,115.960,51.400,45.689
79.435,114.241,51.400,45.689
78.480,112.522,51.400,45.689
78.671,113.477,51.400,45.689
79.093,113.170,52.538,46.700
78.117,112.193,52.538,46.700
78.312,112.388,52.538,46.700
78.898,113.365,52.538,46.700
77.922,113.170,52.538,46.700
78.117,113.365,52.538,46.700
79.093,113.951,52.538,46.700
78.508,112.974,52.538,46.700
79.484,113.170,52.538,46.700
78.898,113.365,52.538,46.700
78.312,113.170,52.538,46.700
79.289,112.974,52.538,46.700
78.703,113.951,52.538,46.700
80.070,113.365,52.538,46.700
78.703,114.732,52.538,46.700
79.679,114.146,52.538,46.700
79.093,115.122,52.538,46.700
78.508,116.099,52.538,46.700
79.874,114.341,52.538,46.700
78.117,114.536,52.538,46.700
78.703,113.560,52.538,46.700
79.679,114.146,52.538,46.700
78.703,114.732,52.538,46.700
79.075,115.041,51.417,45.704
79.648,115.233,51.417,45.704
78.693,114.277,51.417,45.704
79.266,114.468,51.417,45.704
79.457,115.806,51.417,45.704
78.119,114.850,51.417,45.704
79.839,115.424,51.417,45.704
77.486,114.323,52.555,46.715
78.853,115.300,52.555,46.715
77.095,114.323,52.555,46.715
78.463,114.519,52.555,46.715
77.877,115.886,52.555,46.715
77.681,114.128,52.555,46.715
79.049,113.933,52.555,46.715
77.291,112.956,52.555,46.715
77.877,113.151,52.555,46.715
76.509,114.128,52.555,46.715
78.267,114.323,52.555,46.715
77.291,114.519,52.555,46.715
77.877,114.323,52.555,46.715
76.509,114.519,52.555,46.715
77.877,114.714,52.555,46.715
76.900,112.956,52.555,46.715
77.095,114.323,52.555,46.715
76.900,115.300,52.555,46.715
77.486,115.886,52.555,46.715
78.463,113.347,52.555,46.715
77.486,114.323,52.555,46.715
78.463,115.691,52.555,46.715
77.486,115.105,52.555,46.715
78.072,116.081,52.555,46.715
78.068,117.521,51.434,45.719
79.406,115.800,51.434,45.719
77.303,115.991,51.434,45.719
78.641,117.330,51.434,45.719
77.685,116.374,51.434,45.719
78.641,117.330,51.434,45.719
78.450,116.374,51.434,45.719
78.259,117.330,51.434,45.719
79.597,115.609,51.434,45.719
78.259,116.947,51.434,45.719
79.597,116.756,51.434,45.719
78.259,116.947,51.434,45.719
79.979,117.138,51.434,45.719
79.023,116.947,51.434,45.719
79.979,115.609,51.434,45.719
80.170,116.947,51.434,45.719
79.597,117.138,51.434,45.719
79.788,116.947,51.434,45.719
79.021,114.260,52.572,46.731
79.607,113.674,52.572,46.731
80.193,113.869,52.572,46.731
79.216,114.064,52.572,46.731
80.584,115.041,52.572,46.731
79.826,116.481,51.451,45.734
80.782,115.908,51.451,45.734
80.974,116.864,51.451,45.734
81.547,115.908,51.451,45.734
80.591,116.481,51.451,45.734
82.430,116.416,50.354,44.759
82.065,114.909,49.280,43.804
82.981,115.825,49.280,43.804
82.798,114.543,49.280,43.804
82.442,115.388,50.370,44.774
81.881,116.699,50.370,44.774
82.442,114.639,50.370,44.774
80.526,115.504,51.485,45.764
81.482,115.312,51.485,45.764
81.291,115.121,51.485,45.764
81.100,116.461,51.485,45.764
82.439,116.652,51.485,45.764
81.100,116.461,51.485,45.764
82.439,116.652,51.485,45.764
81.865,116.843,51.485,45.764
83.204,117.417,51.485,45.764
83.396,115.695,51.485,45.764
82.056,116.652,51.485,45.764
83.779,116.843,51.485,45.764
82.822,115.886,51.485,45.764
83.779,116.460,51.485,45.764
83.204,117.035,51.485,45.764
84.161,117.609,51.485,45.764
82.599,117.698,52.624,46.777
83.968,115.546,52.624,46.777
82.208,116.524,52.624,46.777
83.577,115.546,52.624,46.777
82.990,116.524,52.624,46.777
82.795,115.938,52.624,46.777
83.921,117.002,51.502,45.779
84.655,115.830,50.403,44.803
84.468,116.766,50.403,44.803
85.030,115.830,50.403,44.803
84.093,115.268,50.403,44.803
84.655,116.579,50.403,44.803
85.217,117.141,50.403,44.803
84.655,116.954,50.403,44.803
85.592,116.017,50.403,44.803
85.030,116.204,50.403,44.803
85.217,115.268,50.403,44.803
85.030,116.204,50.403,44.803
85.592,114.893,50.403,44.803
83.673,114.980,51.519,45.794
84.248,115.938,51.519,45.794
83.291,116.512,51.519,45.794
85.132,117.185,50.420,44.818
84.570,117.372,50.420,44.818
84.206,115.127,51.535,45.809
84.398,115.318,51.535,45.809
83.057,115.510,51.535,45.809
84.530,116.552,50.436,44.832
84.717,115.615,50.436,44.832
84.155,114.678,50.436,44.832
83.592,115.240,50.436,44.832
84.530,116.177,50.436,44.832
83.967,115.615,50.436,44.832
83.780,114.303,50.436,44.832
85.092,115.990,50.436,44.832
83.405,116.552,50.436,44.832
83.967,116.740,50.436,44.832
83.405,115.053,50.436,44.832
83.592,116.365,50.436,44.832
83.780,116.552,50.436,44.832
83.967,116.740,50.436,44.832
82.655,115.802,50.436,44.832
83.592,115.615,50.436,44.832
83.030,115.802,50.436,44.832
82.093,115.615,50.436,44.832
82.655,115.428,50.436,44.832
83.012,117.170,49.361,43.876
82.276,116.114,50.453,44.847
82.838,115.551,50.453,44.847
81.901,116.489,50.453,44.847
82.088,114.801,50.453,44.847
82.276,114.989,50.453,44.847
82.463,115.926,50.453,44.847
83.026,116.114,50.453,44.847
81.713,116.301,50.453,44.847
83.026,115.739,50.453,44.847
81.495,114.659,51.569,45.839
81.687,116.001,51.569,45.839
81.495,116.959,51.569,45.839
80.920,116.001,51.569,45.839
81.878,115.809,51.569,45.839
81.303,116.001,51.569,45.839
81.112,116.576,51.569,45.839
82.070,114.467,51.569,45.839
81.495,115.426,51.569,45.839
81.303,114.851,51.569,45.839
80.728,116.192,51.569,45.839
81.463,116.127,50.470,44.862
82.776,115.939,50.470,44.862
81.463,116.877,50.470,44.862
82.776,117.815,50.470,44.862
81.088,117.252,50.470,44.862
82.401,116.690,50.470,44.862
82.588,115.377,50.470,44.862
82.776,116.690,50.470,44.862
81.838,115.752,50.470,44.862
81.650,115.939,50.470,44.862
82.588,115.752,50.470,44.862
82.026,115.939,50.470,44.862
82.213,116.127,50.470,44.862
81.650,116.315,50.470,44.862
82.963,116.502,50.470,44.862
81.650,117.065,50.470,44.862
82.588,116.877,50.470,44.862
82.222,117.536,49.393,43.905
83.507,115.517,49.393,43.905
81.628,115.984,50.486,44.876
82.566,116.171,50.486,44.876
82.924,115.022,49.409,43.919
82.740,115.940,49.409,43.919
82.556,116.124,49.409,43.919
83.107,115.206,49.409,43.919
83.291,116.859,49.409,43.919
83.842,117.409,49.409,43.919
82.924,115.389,49.409,43.919
81.424,114.713,50.503,44.891
82.363,114.901,50.503,44.891
82.175,115.088,50.503,44.891
81.987,115.276,50.503,44.891
81.800,115.464,50.503,44.891
81.612,114.901,50.503,44.891
82.551,113.211,50.503,44.891
81.987,113.399,50.503,44.891
82.345,113.335,49.426,43.934
81.608,113.421,50.519,44.906
81.044,112.482,50.519,44.906
81.983,113.421,50.519,44.906
81.420,113.609,50.519,44.906
80.481,114.547,50.519,44.906
81.044,115.111,50.519,44.906
81.232,114.547,50.519,44.906
81.044,115.486,50.519,44.906
80.857,115.298,50.519,44.906
79.324,114.996,51.637,45.899
80.059,116.041,50.536,44.921
81.374,113.975,50.536,44.921
79.684,115.289,50.536,44.921
81.490,116.312,49.458,43.963
80.203,115.760,49.458,43.963
80.754,116.679,49.458,43.963
79.835,115.760,49.458,43.963
80.019,116.679,49.458,43.963
79.468,116.863,49.458,43.963
78.916,117.047,49.458,43.963
80.203,115.392,49.458,43.963
78.916,115.576,49.458,43.963
79.100,116.128,49.458,43.963
78.549,114.841,49.458,43.963
77.629,115.392,49.458,43.963
77.813,114.473,49.458,43.963
77.262,114.290,49.458,43.963
78.181,114.473,49.458,43.963
77.629,115.025,49.458,43.963
76.710,114.841,49.458,43.963
76.894,115.025,49.458,43.963
77.078,113.738,49.458,43.963
76.527,114.657,49.458,43.963
75.607,113.370,49.458,43.963
75.791,114.657,49.458,43.963
75.240,116.679,49.458,43.963
75.791,117.231,49.458,43.963
74.505,116.312,49.458,43.963
73.953,116.495,49.458,43.963
75.240,115.944,49.458,43.963
73.953,116.495,49.458,43.963
73.769,114.841,49.458,43.963
72.115,115.025,49.458,43.963
72.903,113.204,50.552,44.935
71.212,114.143,50.552,44.935
72.151,113.579,50.552,44.935
71.212,115.270,50.552,44.935
71.024,115.458,50.552,44.935
70.460,115.646,50.552,44.935
69.145,115.834,50.552,44.935
70.460,116.398,50.552,44.935
68.769,115.834,50.552,44.935
68.957,116.773,50.552,44.935
68.769,116.585,50.552,44.935
67.625,113.944,51.671,45.930
66.456,112.440,52.814,46.946
65.867,112.636,52.814,46.946
66.848,112.832,52.814,46.946
65.867,113.029,52.814,46.946
65.106,112.583,51.688,45.945
66.583,113.258,50.585,44.965
65.643,111.942,50.585,44.965
65.455,112.882,50.585,44.965
64.515,111.942,50.585,44.965
63.951,112.506,50.585,44.965
64.139,111.942,50.585,44.965
63.199,112.882,50.585,44.965
63.011,112.694,50.585,44.965
62.447,111.754,50.585,44.965
61.506,112.318,50.585,44.965
62.952,112.979,49.507,44.006
61.296,112.795,49.507,44.006
62.216,111.139,49.507,44.006
60.928,110.955,49.507,44.006
60.008,110.403,49.507,44.006
60.560,111.323,49.507,44.006
60.910,111.969,48.451,43.068
60.730,111.429,48.451,43.068
59.470,112.690,48.451,43.068
60.507,113.323,47.418,42.149
60.331,112.089,47.418,42.149
59.802,111.560,47.418,42.149
58.921,111.031,47.418,42.149
60.955,112.330,46.407,41.250
59.748,111.468,46.407,41.250
59.576,111.985,46.407,41.250
58.713,112.503,46.407,41.250
59.231,113.020,46.407,41.250
59.403,112.848,46.407,41.250
57.851,112.330,46.407,41.250
59.403,110.778,46.407,41.250
57.851,111.640,46.407,41.250
58.713,112.158,46.407,41.250
57.506,111.295,46.407,41.250
56.988,111.468,46.407,41.250
58.196,111.640,46.407,41.250
57.333,111.468,46.407,41.250
56.471,111.295,46.407,41.250
56.299,110.433,46.407,41.250
56.126,110.950,46.407,41.250
57.333,110.433,46.407,41.250
55.781,109.916,46.407,41.250
56.643,109.398,46.407,41.250
55.781,110.260,46.407,41.250
56.299,111.123,46.407,41.250
55.091,110.260,46.407,41.250
56.643,110.778,46.407,41.250
55.091,111.295,46.407,41.250
56.299,110.433,46.407,41.250
54.746,110.950,46.407,41.250
55.264,110.778,46.407,41.250
56.126,110.950,46.407,41.250
54.919,110.778,46.407,41.250
55.091,111.295,46.407,41.250
54.041,111.376,47.433,42.163
53.512,110.847,47.433,42.163
54.394,110.671,47.433,42.163
53.512,109.789,47.433,42.163
54.041,109.966,47.433,42.163
52.807,109.084,47.433,42.163
52.278,108.908,47.433,42.163
53.159,109.789,47.433,42.163
51.925,109.613,47.433,42.163
51.397,109.789,47.433,42.163
52.278,109.966,47.433,42.163
51.397,109.437,47.433,42.163
51.573,109.260,47.433,42.163
51.749,110.142,47.433,42.163
51.573,110.318,47.433,42.163
50.691,110.142,47.433,42.163
50.868,110.318,47.433,42.163
49.986,110.847,47.433,42.163
50.515,109.260,47.433,42.163
50.691,110.494,47.433,42.163
50.868,109.260,47.433,42.163
49.634,110.494,47.433,42.163
50.868,109.613,47.433,42.163
49.281,110.494,47.433,42.163
50.162,111.023,47.433,42.163
49.634,112.257,47.433,42.163
50.515,112.081,47.433,42.163
49.634,111.200,47.433,42.163
49.810,112.081,47.433,42.163
48.928,111.905,47.433,42.163
49.810,112.081,47.433,42.163
48.928,112.257,47.433,42.163
48.752,111.728,47.433,42.163
49.986,111.905,47.433,42.163
48.400,111.023,47.433,42.163
49.634,111.905,47.433,42.163
49.457,111.376,47.433,42.163
48.576,111.905,47.433,42.163
49.457,111.023,47.433,42.163
48.928,112.257,47.433,42.163
48.047,111.376,47.433,42.163
48.928,110.494,47.433,42.163
48.047,111.023,47.433,42.163
48.928,111.200,47.433,42.163
48.047,111.728,47.433,42.163
48.576,111.200,47.433,42.163
49.105,111.023,47.433,42.163
48.223,111.200,47.433,42.163
48.752,110.318,47.433,42.163
49.634,110.494,47.433,42.163
48.950,110.094,46.422,41.264
49.813,109.922,46.422,41.264
49.295,110.439,46.422,41.264
49.122,110.612,46.422,41.264
49.985,111.130,46.422,41.264
50.158,109.922,46.422,41.264
50.330,109.404,46.422,41.264
49.468,109.922,46.422,41.264
49.295,109.059,46.422,41.264
49.813,109.922,46.422,41.264
49.985,111.130,46.422,41.264
50.503,110.957,46.422,41.264
49.985,110.439,46.422,41.264
50.503,110.267,46.422,41.264
49.985,110.094,46.422,41.264
50.848,109.577,46.422,41.264
50.330,111.130,46.422,41.264
50.158,111.302,46.422,41.264
50.675,112.165,46.422,41.264
50.158,111.647,46.422,41.264
51.365,112.855,46.422,41.264
49.813,112.337,46.422,41.264
51.139,112.611,45.432,40.384
50.295,112.780,45.432,40.384
51.139,112.611,45.432,40.384
50.295,112.780,45.432,40.384
50.801,112.949,45.432,40.384
50.295,113.793,45.432,40.384
51.267,113.735,44.463,39.523
50.772,113.570,44.463,39.523
50.276,112.744,44.463,39.523
51.763,113.240,44.463,39.523
51.598,113.074,44.463,39.523
52.094,113.901,44.463,39.523
50.937,113.405,44.463,39.523
50.441,113.570,44.463,39.523
51.598,112.744,44.463,39.523
52.094,113.570,44.463,39.523
50.937,112.413,44.463,39.523
50.772,112.579,44.463,39.523
50.276,112.413,44.463,39.523
52.094,112.909,44.463,39.523
50.937,111.752,44.463,39.523
50.772,111.257,44.463,39.523
50.276,111.091,44.463,39.523
52.094,112.248,44.463,39.523
50.937,111.091,44.463,39.523
51.433,112.579,44.463,39.523
52.259,112.083,44.463,39.523
51.763,112.909,44.463,39.523
52.920,113.074,44.463,39.523
51.433,112.579,44.463,39.523
52.920,111.752,44.463,39.523
51.763,111.918,44.463,39.523
53.251,112.083,44.463,39.523
52.094,111.587,44.463,39.523
52.920,112.083,44.463,39.523
51.763,111.918,44.463,39.523
53.912,112.083,44.463,39.523
52.424,112.248,44.463,39.523
53.581,111.752,44.463,39.523
53.085,112.248,44.463,39.523
52.920,111.422,44.463,39.523
53.085,111.918,44.463,39.523
52.920,112.744,44.463,39.523
53.416,111.918,44.463,39.523
54.242,111.422,44.463,39.523
53.085,109.934,44.463,39.523
53.581,109.769,44.463,39.523
54.407,110.595,44.463,39.523
53.912,110.761,44.463,39.523
53.085,111.587,44.463,39.523
53.912,109.769,44.463,39.523
53.085,110.926,44.463,39.523
54.903,111.091,44.463,39.523
54.077,111.587,44.463,39.523
54.903,111.091,44.463,39.523
54.077,112.248,44.463,39.523
55.564,110.430,44.463,39.523
55.068,109.273,44.463,39.523
55.564,109.769,44.463,39.523
56.060,110.265,44.463,39.523
55.234,110.430,44.463,39.523
56.721,111.257,44.463,39.523
56.556,110.761,44.463,39.523
57.051,111.587,44.463,39.523
56.556,111.091,44.463,39.523
57.712,111.587,44.463,39.523
57.878,111.752,44.463,39.523
57.051,111.587,44.463,39.523
57.217,111.752,44.463,39.523
58.373,112.579,44.463,39.523
57.878,113.074,44.463,39.523
57.382,113.240,44.463,39.523
58.208,112.413,44.463,39.523
57.712,112.248,44.463,39.523
58.539,111.422,44.463,39.523
58.043,112.248,44.463,39.523
57.547,111.752,44.463,39.523
58.373,112.909,44.463,39.523
57.878,113.405,44.463,39.523
57.051,111.918,44.463,39.523
57.217,111.422,44.463,39.523
57.382,110.926,44.463,39.523
57.217,111.752,44.463,39.523
56.721,111.587,44.463,39.523
57.878,110.430,44.463,39.523
56.060,110.595,44.463,39.523
55.564,110.100,44.463,39.523
57.051,111.587,44.463,39.523
55.564,110.761,44.463,39.523
56.390,111.587,44.463,39.523
55.564,110.761,44.463,39.523
55.729,110.926,44.463,39.523
55.895,110.100,44.463,39.523
54.738,110.926,44.463,39.523
55.895,111.422,44.463,39.523
55.068,111.918,44.463,39.523
54.903,112.744,44.463,39.523
54.738,112.579,44.463,39.523
55.564,110.761,44.463,39.523
56.390,112.248,44.463,39.523
56.556,111.091,44.463,39.523
57.051,111.587,44.463,39.523
55.895,110.430,44.463,39.523
56.390,110.595,44.463,39.523
56.886,110.761,44.463,39.523
56.390,110.926,44.463,39.523
57.547,110.100,44.463,39.523
57.051,110.265,44.463,39.523
56.886,108.117,44.463,39.523
57.051,108.943,44.463,39.523
57.217,109.108,44.463,39.523
57.712,109.934,44.463,39.523
57.878,110.761,44.463,39.523
57.051,111.256,44.463,39.523
57.547,111.422,44.463,39.523
58.373,110.595,44.463,39.523
57.547,112.083,44.463,39.523
58.704,112.578,44.463,39.523
58.539,112.744,44.463,39.523
58.043,112.578,44.463,39.523
57.878,113.074,44.463,39.523
57.382,113.240,44.463,39.523
58.539,112.744,44.463,39.523
58.373,113.570,44.463,39.523
58.208,112.744,44.463,39.523
59.479,113.643,43.515,38.680
61.969,113.900,42.587,37.855
61.178,111.209,42.587,37.855
61.199,109.312,43.529,38.692
61.819,110.504,42.601,37.867
60.394,109.396,42.601,37.867
61.186,109.871,42.601,37.867
60.222,107.645,43.543,38.705
60.707,109.102,43.543,38.705
58.280,109.911,43.543,38.705
57.147,111.367,43.543,38.705
56.338,113.795,43.543,38.705
55.205,115.251,43.543,38.705
56.661,112.500,43.543,38.705
56.970,111.821,42.615,37.880
56.356,114.209,41.706,37.072
56.651,114.754,40.817,36.281
55.892,115.513,40.817,36.281
57.644,114.876,39.946,35.508
57.495,116.806,39.946,35.508
59.495,115.611,39.094,34.750
58.932,117.802,38.261,34.009
58.654,117.205,37.445,33.284
60.463,115.952,37.445,33.284
59.327,116.595,38.273,34.021
59.598,115.724,37.457,33.295
58.173,114.922,38.286,34.032
60.307,116.772,38.286,34.032
59.311,115.491,38.286,34.032
58.445,115.262,39.133,34.785
59.754,113.662,39.133,34.785
59.317,115.553,39.133,34.785
58.881,116.571,39.133,34.785
61.063,115.553,39.133,34.785
59.272,115.923,39.999,35.554
59.292,117.535,40.884,36.341
58.997,116.975,41.788,37.145
57.729,115.114,42.713,37.967
57.751,114.859,43.658,38.807
56.763,113.251,44.624,39.665
56.097,113.328,45.611,40.543
56.824,111.649,46.620,41.440
55.769,111.729,47.651,42.357
57.009,112.261,47.651,42.357
58.248,112.438,47.651,42.357
57.363,110.135,47.651,42.357
57.540,110.667,47.651,42.357
57.717,110.490,47.651,42.357
57.894,110.667,47.651,42.357
57.717,111.198,47.651,42.357
57.186,110.667,47.651,42.357
56.300,111.552,47.651,42.357
57.540,111.375,47.651,42.357
56.300,112.261,47.651,42.357
56.123,113.146,47.651,42.357
57.717,112.615,47.651,42.357
56.123,113.500,47.651,42.357
58.071,111.907,47.651,42.357
56.831,110.667,47.651,42.357
56.300,111.552,47.651,42.357
55.060,112.084,47.651,42.357
57.009,112.615,47.651,42.357
55.980,113.579,46.635,41.454
54.420,112.712,46.635,41.454
55.523,112.793,47.667,42.371
54.991,113.324,47.667,42.371
55.523,112.793,47.667,42.371
54.991,113.679,47.667,42.371
55.523,113.147,47.667,42.371
54.637,111.907,47.667,42.371
55.877,112.793,47.667,42.371
55.346,112.970,47.667,42.371
54.460,113.147,47.667,42.371
55.346,112.262,47.667,42.371
54.460,111.730,47.667,42.371
54.283,111.553,47.667,42.371
53.397,110.313,47.667,42.371
54.637,110.844,47.667,42.371
54.460,110.667,47.667,42.371
54.991,109.073,47.667,42.371
55.169,108.541,47.667,42.371
54.283,108.364,47.667,42.371
55.169,108.541,47.667,42.371
53.928,109.073,47.667,42.371
55.523,108.541,47.667,42.371
54.283,110.490,47.667,42.371
55.877,110.313,47.667,42.371
55.700,110.490,47.667,42.371
55.523,110.313,47.667,42.371
54.991,110.490,47.667,42.371
54.814,109.250,47.667,42.371
53.928,109.427,47.667,42.371
55.169,109.604,47.667,42.371
53.574,110.136,47.667,42.371
55.169,109.604,47.667,42.371
54.637,109.781,47.667,42.371
53.751,108.895,47.667,42.371
54.283,108.364,47.667,42.371
53.043,108.541,47.667,42.371
52.511,106.592,47.667,42.371
51.625,108.541,47.667,42.371
50.914,107.521,48.722,43.308
51.457,107.702,48.722,43.308
51.276,108.245,48.722,43.308
51.820,109.513,48.722,43.308
50.717,107.343,49.800,44.266
50.902,109.009,49.800,44.266
51.828,108.453,49.800,44.266
52.013,109.379,49.800,44.266
51.828,109.194,49.800,44.266
51.642,109.379,49.800,44.266
51.087,108.824,49.800,44.266
52.383,110.119,49.800,44.266
50.488,108.669,50.902,45.246
49.163,109.615,50.902,45.246
48.596,110.183,50.902,45.246
48.407,108.480,50.902,45.246
50.488,107.156,50.902,45.246
51.055,107.345,50.902,45.246
50.109,107.534,50.902,45.246
51.434,107.723,50.902,45.246
51.244,108.291,50.902,45.246
50.677,109.994,50.902,45.246
52.001,110.940,50.902,45.246
50.677,109.994,50.902,45.246
52.001,110.940,50.902,45.246
51.812,111.885,50.902,45.246
53.136,110.940,50.902,45.246
53.704,111.129,50.902,45.246
53.136,109.804,50.902,45.246
52.947,107.345,50.902,45.246
53.136,106.778,50.902,45.246
53.704,105.832,50.902,45.246
54.271,106.399,50.902,45.246
54.461,105.453,50.902,45.246
55.028,106.021,50.902,45.246
54.082,107.345,50.902,45.246
55.406,107.534,50.902,45.246
54.839,106.588,50.902,45.246
54.650,106.399,50.902,45.246
55.596,106.588,50.902,45.246
55.028,106.778,50.902,45.246
55.974,107.345,50.902,45.246
56.163,107.913,50.902,45.246
56.731,107.345,50.902,45.246
55.785,107.913,50.902,45.246
55.596,108.102,50.902,45.246
55.785,107.534,50.902,45.246
55.974,108.102,50.902,45.246
56.163,108.669,50.902,45.246
55.974,109.237,50.902,45.246
55.785,109.804,50.902,45.246
54.839,107.723,50.902,45.246
56.163,109.048,50.902,45.246
57.487,107.723,50.902,45.246
57.298,108.669,50.902,45.246
57.487,107.345,50.902,45.246
56.920,109.048,50.902,45.246
57.866,107.723,50.902,45.246
57.298,109.426,50.902,45.246
59.001,107.345,50.902,45.246
59.726,109.833,49.816,44.281
58.430,111.129,49.816,44.281
60.924,109.995,48.754,43.337
59.293,111.989,48.754,43.337
61.287,112.170,48.754,43.337
61.468,112.713,48.754,43.337
61.813,111.953,47.714,42.412
62.835,111.550,46.697,41.508
62.831,111.491,45.701,40.623
65.119,113.070,44.726,39.757
64.795,114.616,43.772,38.909
64.306,114.453,43.772,38.909
66.498,114.398,42.839,38.079
66.339,115.512,42.839,38.079
65.543,113.761,42.839,38.079
66.339,115.194,42.839,38.079
66.180,115.671,42.839,38.079
67.711,116.231,41.925,37.267
68.490,114.205,41.925,37.267
66.894,114.925,42.853,38.091
68.119,114.870,41.939,37.279
66.716,114.714,41.939,37.279
67.495,114.870,41.939,37.279
67.028,115.338,41.939,37.279
66.079,115.411,42.867,38.104
65.919,113.658,42.867,38.104
67.035,114.136,42.867,38.104
65.919,113.339,42.867,38.104
64.804,113.499,42.867,38.104
64.007,114.295,42.867,38.104
63.037,113.047,43.815,38.947
62.874,113.536,43.815,38.947
62.712,113.699,43.815,38.947
62.549,113.862,43.815,38.947
64.340,114.350,43.815,38.947
63.200,112.884,43.815,38.947
61.533,114.312,44.785,39.809
62.032,112.814,44.785,39.809
62.864,112.315,44.785,39.809
62.032,114.479,44.785,39.809
63.530,114.645,44.785,39.809
62.698,113.147,44.785,39.809
64.196,113.646,44.785,39.809
63.697,112.481,44.785,39.809
64.529,112.315,44.785,39.809
63.697,113.813,44.785,39.809
65.528,113.646,44.785,39.809
65.028,114.146,44.785,39.809
65.195,114.312,44.785,39.809
64.362,114.479,44.785,39.809
64.196,113.646,44.785,39.809
64.030,114.146,44.785,39.809
66.193,113.979,44.785,39.809
65.028,112.814,44.785,39.809
64.015,113.237,45.776,40.689
62.979,111.198,46.788,41.590
63.500,110.329,46.788,41.590
64.370,110.851,46.788,41.590
62.229,111.293,47.824,42.510
63.473,112.181,47.824,42.510
62.940,111.648,47.824,42.510
64.184,112.537,47.824,42.510
62.229,113.070,47.824,42.510
63.828,112.537,47.824,42.510
63.295,113.070,47.824,42.510
63.473,112.892,47.824,42.510
64.839,110.776,46.804,41.603
63.622,111.298,46.804,41.603
63.100,111.819,46.804,41.603
64.665,112.341,46.804,41.603
63.796,112.863,46.804,41.603
63.274,113.385,46.804,41.603
64.839,111.472,46.804,41.603
63.970,111.993,46.804,41.603
64.636,113.275,45.806,40.716
65.945,114.530,44.829,39.848
65.445,116.029,44.829,39.848
66.726,115.009,43.873,38.998
65.911,113.215,43.873,38.998
65.422,114.357,43.873,38.998
64.767,115.110,44.844,39.861
65.601,113.276,44.844,39.861
64.767,114.776,44.844,39.861
64.267,113.276,44.844,39.861
63.767,115.110,44.844,39.861
63.601,113.610,44.844,39.861
63.434,114.776,44.844,39.861
62.934,112.943,44.844,39.861
64.101,114.776,44.844,39.861
63.775,113.434,43.887,39.011
63.612,114.902,43.887,39.011
63.775,113.108,43.887,39.011
64.401,115.253,42.951,38.179
65.837,114.774,42.951,38.179
64.720,116.850,42.951,38.179
64.410,114.605,43.902,39.024
65.879,116.074,43.902,39.024
65.063,113.626,43.902,39.024
65.879,115.748,43.902,39.024
67.448,116.950,42.965,38.192
66.144,114.374,43.916,39.036
67.613,113.231,43.916,39.036
65.942,113.646,44.888,39.900
65.272,114.070,45.881,40.783
66.807,112.535,45.881,40.783
66.803,115.107,44.902,39.913
68.639,112.937,44.902,39.913
67.471,115.775,44.902,39.913
68.639,114.940,44.902,39.913
68.138,115.775,44.902,39.913
68.305,116.609,44.902,39.913
69.140,115.441,44.902,39.913
69.974,118.278,44.902,39.913
70.808,116.442,44.902,39.913
69.974,115.274,44.902,39.913
71.142,117.443,44.902,39.913
69.640,115.941,44.902,39.913
70.808,117.777,44.902,39.913
70.642,116.275,44.902,39.913
70.475,115.107,44.902,39.913
70.642,116.275,44.902,39.913
70.475,115.775,44.902,39.913
69.640,117.610,44.902,39.913
70.141,117.110,44.902,39.913
68.973,118.945,44.902,39.913
71.142,117.777,44.902,39.913
70.642,116.275,44.902,39.913
71.476,117.443,44.902,39.913
71.309,119.613,44.902,39.913
70.293,118.998,45.896,40.796
70.122,118.487,45.896,40.796
70.975,117.975,45.896,40.796
70.122,118.828,45.896,40.796
70.634,117.634,45.896,40.796
70.959,116.589,44.917,39.926
72.128,114.085,44.917,39.926
70.625,113.918,44.917,39.926
70.792,112.415,44.917,39.926
70.625,113.918,44.917,39.926
70.124,112.081,44.917,39.926
68.622,113.584,44.917,39.926
70.124,111.414,44.917,39.926
68.956,112.916,44.917,39.926
70.458,111.748,44.917,39.926
69.811,111.369,43.959,39.075
70.437,113.833,43.022,38.242
70.597,112.713,43.022,38.242
69.478,114.152,43.022,38.242
70.917,112.074,43.022,38.242
70.605,111.711,42.104,37.426
69.327,113.732,43.036,38.254
69.017,112.479,43.988,39.101
68.200,111.662,43.988,39.101
68.690,111.498,43.988,39.101
69.181,111.989,43.988,39.101
68.363,111.171,43.988,39.101
69.935,112.376,43.050,38.267
68.297,112.451,44.003,39.113
69.442,109.998,44.003,39.113
68.624,112.124,44.003,39.113
69.115,110.652,44.003,39.113
69.426,111.542,43.064,38.279
70.547,112.662,43.064,38.279
69.426,112.182,43.064,38.279
70.867,110.742,43.064,38.279
69.426,112.182,43.064,38.279
68.452,110.264,44.017,39.126
68.615,111.736,44.017,39.126
68.779,110.264,44.017,39.126
68.943,112.064,44.017,39.126
68.452,110.264,44.017,39.126
67.634,111.736,44.017,39.126
68.452,110.264,44.017,39.126
67.307,111.409,44.017,39.126
68.125,110.264,44.017,39.126
66.979,110.428,44.017,39.126
68.452,110.918,44.017,39.126
68.133,110.863,43.078,38.292
68.293,108.461,43.078,38.292
66.986,108.536,44.031,39.139
65.840,107.390,44.031,39.139
66.658,109.518,44.031,39.139
67.917,108.200,43.092,38.304
66.795,109.001,43.092,38.304
66.315,107.239,43.092,38.304
67.116,108.680,43.092,38.304
66.315,110.442,43.092,38.304
66.795,109.001,43.092,38.304
65.674,110.442,43.092,38.304
65.194,110.923,43.092,38.304
66.315,108.520,43.092,38.304
65.834,110.282,43.092,38.304
65.354,109.481,43.092,38.304
65.194,110.923,43.092,38.304
65.034,109.161,43.092,38.304
64.553,110.923,43.092,38.304
64.393,108.841,43.092,38.304
63.912,110.923,43.092,38.304
63.432,109.801,43.092,38.304
64.553,110.923,43.092,38.304
63.112,111.723,43.092,38.304
63.912,112.524,43.092,38.304
63.112,111.083,43.092,38.304
63.912,110.923,43.092,38.304
62.471,111.723,43.092,38.304
61.991,112.204,43.092,38.304
62.791,113.005,43.092,38.304
61.670,112.524,43.092,38.304
62.151,113.325,43.092,38.304
61.670,113.805,43.092,38.304
61.190,113.966,43.092,38.304
61.670,112.204,43.092,38.304
60.869,112.684,43.092,38.304
60.389,113.805,43.092,38.304
62.238,113.442,42.173,37.487
61.630,114.295,41.274,36.688
61.170,113.835,41.274,36.688
59.599,114.861,42.187,37.500
60.804,113.901,41.288,36.700
60.651,112.827,41.288,36.700
59.884,114.208,41.288,36.700
61.064,115.339,40.407,35.917
60.613,113.687,40.407,35.917
61.064,115.639,40.407,35.917
60.613,114.888,40.407,35.917
61.064,115.038,40.407,35.917
59.111,115.489,40.407,35.917
58.197,113.689,41.301,36.712
60.856,114.821,40.420,35.929
59.504,115.271,40.420,35.929
58.753,116.623,40.420,35.929
59.397,116.070,41.315,36.724
58.322,115.302,41.315,36.724
57.706,114.099,42.229,37.537
57.235,114.256,42.229,37.537
59.047,116.018,41.328,36.736
58.586,114.943,41.328,36.736
57.818,115.404,41.328,36.736
58.279,114.636,41.328,36.736
57.818,114.482,41.328,36.736
58.279,116.479,41.328,36.736
58.125,116.325,41.328,36.736
59.898,117.457,40.447,35.953
57.111,116.904,41.342,36.748
58.187,116.443,41.342,36.748
58.955,116.596,41.342,36.748
59.544,117.729,40.460,35.965
60.410,116.228,39.597,35.198
60.852,118.141,39.597,35.198
60.116,116.522,39.597,35.198
60.263,117.552,39.597,35.198
61.111,116.367,38.753,34.447
63.329,116.873,37.927,33.712
62.342,118.142,37.927,33.712
62.483,119.975,37.927,33.712
63.295,119.111,37.118,32.994
63.985,117.870,37.118,32.994
63.716,119.418,36.326,32.290
63.311,117.933,36.326,32.290
64.869,119.188,35.552,31.601
66.649,118.124,34.793,30.927
64.520,119.258,35.563,31.612
63.716,119.594,36.350,32.311
63.310,117.838,36.350,32.311
62.905,120.134,36.350,32.311
64.725,120.349,35.575,31.622
45.553,117.307,35.575,31.622
44.099,115.853,35.575,31.622
45.024,116.779,35.575,31.622
46.479,117.440,35.575,31.622
45.553,116.250,35.575,31.622
46.315,118.753,34.816,30.948
47.060,118.210,34.074,30.288
47.077,120.109,34.828,30.958
45.912,118.167,34.828,30.958
46.301,117.261,34.828,30.958
47.046,118.465,34.085,30.298
45.906,119.858,34.085,30.298
46.449,118.866,34.839,30.968
57.751,120.270,35.610,31.653
59.692,118.134,36.398,32.353
60.368,119.893,36.398,32.353
59.692,118.134,36.398,32.353
59.827,119.893,36.398,32.353
61.045,119.217,36.398,32.353
61.180,120.975,36.398,32.353
61.315,119.487,36.398,32.353
60.639,120.164,36.398,32.353
60.774,119.217,36.398,32.353
61.721,121.246,36.398,32.353
61.586,122.193,36.398,32.353
62.533,121.516,36.398,32.353
61.856,120.299,36.398,32.353
62.262,121.516,36.398,32.353
62.938,120.299,36.398,32.353
64.156,120.434,36.398,32.353
62.771,121.339,37.203,33.069
63.462,121.201,37.203,33.069
63.047,120.786,37.203,33.069
64.568,121.478,37.203,33.069
65.260,119.957,37.203,33.069
64.992,122.030,38.026,33.801
63.838,121.509,38.867,34.549
66.341,120.346,38.039,33.812
65.187,120.705,38.880,34.560
66.487,119.405,38.880,34.560
67.499,118.104,38.880,34.560
67.354,119.983,38.880,34.560
67.072,121.605,38.051,33.823
69.194,120.332,38.051,33.823
68.769,119.625,38.051,33.823
69.759,118.635,38.051,33.823
69.335,120.190,38.051,33.823
71.174,122.029,38.051,33.823
71.315,121.605,38.051,33.823
71.628,121.671,38.893,34.571
70.616,122.972,38.893,34.571
73.120,122.086,38.064,33.834
74.111,122.511,38.064,33.834
74.926,121.917,37.252,33.113
74.083,121.694,38.076,33.845
75.922,119.855,38.076,33.845
75.215,120.279,38.076,33.845
76.488,119.289,38.076,33.845
75.333,119.355,38.918,34.594
76.346,119.499,38.918,34.594
76.779,120.512,38.918,34.594
78.081,119.789,38.918,34.594
77.069,121.958,38.918,34.594
78.371,120.946,38.918,34.594
78.690,121.614,39.780,35.360
79.134,122.057,39.780,35.360
78.986,122.501,39.780,35.360
81.204,120.579,39.780,35.360
80.465,120.135,39.780,35.360
81.795,119.987,39.780,35.360
83.126,119.544,39.780,35.360
82.091,119.396,39.780,35.360
84.309,119.544,39.780,35.360
84.161,120.283,39.780,35.360
84.604,121.909,39.780,35.360
86.231,120.283,39.780,35.360
86.083,121.022,39.780,35.360
88.300,120.283,39.780,35.360
87.857,121.022,39.780,35.360
89.483,119.692,39.780,35.360
88.744,118.065,39.780,35.360
90.370,116.735,39.780,35.360
89.927,116.587,39.780,35.360
91.849,117.917,39.780,35.360
92.588,118.657,39.780,35.360
92.440,119.396,39.780,35.360
92.588,119.544,39.780,35.360
94.214,119.987,39.780,35.360
93.771,121.614,39.780,35.360
94.098,121.683,40.660,36.142
95.458,120.323,40.660,36.142
96.911,120.854,39.793,35.371
96.467,121.593,39.793,35.371
96.911,120.262,39.793,35.371
97.650,120.410,39.793,35.371
98.094,120.262,39.793,35.371
99.516,123.348,38.944,34.617
99.234,122.461,38.113,33.879
99.504,121.867,37.301,33.156
98.811,122.560,37.301,33.156
100.336,121.589,37.301,33.156
100.197,123.669,37.301,33.156
100.336,122.421,37.301,33.156
99.920,122.005,37.301,33.156
100.890,120.480,37.301,33.156
99.920,119.233,37.301,33.156
99.781,120.480,37.301,33.156
99.642,118.955,37.301,33.156
99.504,118.817,37.301,33.156
99.088,117.846,37.301,33.156
100.058,119.648,37.301,33.156
99.642,118.955,37.301,33.156
98.672,120.480,37.301,33.156
98.256,120.896,37.301,33.156
99.504,120.480,37.301,33.156
97.221,118.244,38.126,33.890
99.347,118.385,38.126,33.890
97.788,126.462,38.126,33.890
97.646,125.754,38.126,33.890
95.902,125.526,38.970,34.640
96.626,123.064,38.970,34.640
95.612,119.443,38.970,34.640
95.177,117.270,38.970,34.640
94.743,119.153,38.970,34.640
94.308,120.746,38.970,34.640
94.743,118.863,38.970,34.640
94.888,117.850,38.970,34.640
96.280,117.800,38.138,33.901
94.535,116.690,38.982,34.651
93.051,115.855,39.845,35.418
94.384,116.892,39.845,35.418
93.051,117.336,39.845,35.418
94.384,115.707,39.845,35.418
92.755,117.040,39.845,35.418
93.792,116.300,39.845,35.418
93.644,115.263,39.845,35.418
92.607,117.484,39.845,35.418
93.348,115.263,39.845,35.418
92.311,117.781,39.845,35.418
92.755,117.040,39.845,35.418
92.607,118.669,39.845,35.418
91.867,117.633,39.845,35.418
92.607,117.188,39.845,35.418
92.033,116.852,38.995,34.662
92.353,116.619,39.858,35.429
92.350,119.139,39.008,34.674
91.625,119.864,39.008,34.674
92.640,118.559,39.008,34.674
91.915,119.864,39.008,34.674
92.191,119.535,38.176,33.934
92.505,119.306,39.021,34.685
91.780,118.581,39.021,34.685
91.776,119.930,38.189,33.945
93.338,118.368,38.189,33.945
93.608,120.235,37.374,33.221
92.914,120.374,37.374,33.221
92.219,120.513,37.374,33.221
93.191,119.818,37.374,33.221
92.775,121.346,37.374,33.221
94.025,119.818,37.374,33.221
93.053,121.346,37.374,33.221
92.914,120.652,37.374,33.221
94.517,119.801,36.577,32.513
93.407,120.993,37.386,33.232
93.824,119.464,37.386,33.232
92.978,119.241,38.214,33.968
93.120,118.247,38.214,33.968
92.694,119.241,38.214,33.968
93.972,117.963,38.214,33.968
92.978,120.377,38.214,33.968
93.404,118.815,38.214,33.968
94.114,119.809,38.214,33.968
93.688,119.667,38.214,33.968
93.708,118.849,39.059,34.719
93.125,119.821,39.923,35.487
92.976,119.672,39.923,35.487
94.609,118.930,39.923,35.487
93.570,119.375,39.923,35.487
94.609,117.743,39.923,35.487
93.867,117.595,39.923,35.487
94.905,117.447,39.923,35.487
95.647,117.001,39.923,35.487
95.202,118.930,39.923,35.487
95.351,119.079,39.923,35.487
96.092,119.524,39.923,35.487
95.944,118.782,39.923,35.487
97.576,118.930,39.923,35.487
96.834,118.485,39.923,35.487
98.170,118.337,39.923,35.487
96.834,118.188,39.923,35.487
98.170,119.227,39.923,35.487
97.131,118.485,39.923,35.487
98.170,116.853,39.923,35.487
97.725,118.188,39.923,35.487
98.865,117.280,39.072,34.731
99.186,117.046,39.936,35.499
97.851,118.976,39.936,35.499
99.278,118.353,39.085,34.742
98.552,117.917,39.085,34.742
99.859,119.515,39.085,34.742
99.133,119.079,39.085,34.742
98.406,121.549,39.085,34.742
99.714,120.241,39.085,34.742
99.568,119.224,39.085,34.742
99.133,118.498,39.085,34.742
98.248,119.169,39.949,35.511
99.287,119.020,39.949,35.511
98.248,120.653,39.949,35.511
99.881,119.317,39.949,35.511
99.436,119.169,39.949,35.511
99.287,120.208,39.949,35.511
100.030,118.575,39.949,35.511
99.287,118.426,39.949,35.511
100.624,117.981,39.949,35.511
100.772,119.911,39.949,35.511
101.218,119.466,39.949,35.511
100.178,119.020,39.949,35.511
100.327,120.060,39.949,35.511
101.366,120.802,39.949,35.511
101.218,120.060,39.949,35.511
100.006,121.053,40.833,36.296
101.371,119.384,40.833,36.296
100.613,120.750,40.833,36.296
101.068,121.508,40.833,36.296
101.827,120.446,40.833,36.296
100.764,119.687,40.833,36.296
101.220,120.143,40.833,36.296
102.889,119.080,40.833,36.296
100.705,119.466,41.737,37.099
100.860,121.483,41.737,37.099
102.257,120.086,41.737,37.099
101.481,120.242,41.737,37.099
102.567,118.845,41.737,37.099
101.481,119.621,41.737,37.099
103.272,118.671,40.847,36.308
102.816,120.948,40.847,36.308
102.057,119.886,40.847,36.308
102.209,119.126,40.847,36.308
101.600,119.512,41.750,37.111
102.493,118.861,40.860,36.320
101.884,119.562,41.764,37.124
101.108,118.786,41.764,37.124
100.485,119.825,42.688,37.945
100.643,119.032,42.688,37.945
100.167,119.825,42.688,37.945
100.009,118.714,42.688,37.945
101.119,117.604,42.688,37.945
100.326,118.714,42.688,37.945
99.215,118.238,42.688,37.945
99.057,119.349,42.688,37.945
100.802,117.286,42.688,37.945
99.057,118.714,42.688,37.945
100.167,118.556,42.688,37.945
98.422,119.032,42.688,37.945
98.898,118.238,42.688,37.945
100.009,118.397,42.688,37.945
99.533,118.556,42.688,37.945
99.057,118.080,42.688,37.945
100.167,118.873,42.688,37.945
98.739,117.445,42.688,37.945
99.533,118.556,42.688,37.945
98.739,117.128,42.688,37.945
99.215,118.556,42.688,37.945
98.105,117.128,42.688,37.945
99.850,119.190,42.688,37.945
99.057,118.397,42.688,37.945
98.898,118.873,42.688,37.945
99.057,117.128,42.688,37.945
99.215,118.238,42.688,37.945
97.787,118.714,42.688,37.945
99.215,116.969,42.688,37.945
97.470,118.397,42.688,37.945
98.581,117.286,42.688,37.945
97.470,118.714,42.688,37.945
98.263,117.286,42.688,37.945
97.470,119.032,42.688,37.945
98.263,116.969,42.688,37.945
97.470,118.714,42.688,37.945
98.581,117.286,42.688,37.945
98.105,119.349,42.688,37.945
99.215,117.921,42.688,37.945
97.470,119.666,42.688,37.945
96.504,120.399,43.633,38.785
97.315,120.561,43.633,38.785
96.504,121.696,43.633,38.785
97.315,120.561,43.633,38.785
96.664,121.310,44.598,39.643
97.493,119.486,44.598,39.643
95.452,119.564,45.585,40.520
94.943,120.411,45.585,40.520
96.573,119.700,44.613,39.656
96.075,121.855,44.613,39.656
95.246,122.021,44.613,39.656
96.201,121.005,43.661,38.810
95.390,122.466,43.661,38.810
96.526,121.005,43.661,38.810
95.201,122.091,44.627,39.669
95.699,120.599,44.627,39.669
94.206,120.101,44.627,39.669
95.035,120.599,44.627,39.669
94.537,120.433,44.627,39.669
95.367,119.935,44.627,39.669
93.324,120.357,45.615,40.546
93.494,121.204,45.615,40.546
93.663,121.374,45.615,40.546
93.494,120.865,45.615,40.546
92.985,119.679,45.615,40.546
93.833,122.222,45.615,40.546
93.324,122.052,45.615,40.546
92.477,121.883,45.615,40.546
93.663,120.696,45.615,40.546
92.477,121.883,45.615,40.546
93.663,120.018,45.615,40.546
92.816,120.865,45.615,40.546
92.646,121.035,45.615,40.546
91.799,121.543,45.615,40.546
92.985,120.696,45.615,40.546
92.477,121.543,45.615,40.546
91.796,120.215,46.624,41.443
90.930,121.082,46.624,41.443
91.796,120.909,46.624,41.443
90.583,121.428,46.624,41.443
92.143,119.869,46.624,41.443
90.930,121.428,46.624,41.443
91.796,119.522,46.624,41.443
90.022,120.322,47.655,42.360
90.908,120.499,47.655,42.360
90.730,120.322,47.655,42.360
90.199,119.791,47.655,42.360
89.313,120.677,47.655,42.360
89.705,118.922,48.710,43.298
88.438,119.827,48.710,43.298
90.429,118.560,48.710,43.298
89.162,119.103,48.710,43.298
89.856,119.041,47.671,42.374
89.679,118.864,47.671,42.374
89.147,119.041,47.671,42.374
90.033,119.218,47.671,42.374
89.501,119.395,47.671,42.374
88.261,119.218,47.671,42.374
87.182,118.933,48.726,43.312
88.088,118.752,48.726,43.312
87.182,120.382,48.726,43.312
86.455,118.963,49.804,44.270
86.270,118.408,49.804,44.270
86.455,118.223,49.804,44.270
86.270,119.148,49.804,44.270
85.715,119.704,49.804,44.270
87.011,119.889,49.804,44.270
87.196,119.704,49.804,44.270
86.641,120.629,49.804,44.270
86.826,121.185,49.804,44.270
88.121,119.889,49.804,44.270
86.826,120.074,49.804,44.270
88.492,119.889,49.804,44.270
87.936,119.704,49.804,44.270
89.602,119.148,49.804,44.270
89.047,118.963,49.804,44.270
89.972,118.778,49.804,44.270
88.461,120.401,50.906,45.249
90.164,119.455,50.906,45.249
89.218,120.779,50.906,45.249
90.542,121.725,50.906,45.249
91.488,121.158,50.906,45.249
91.678,121.725,50.906,45.249
90.732,121.158,50.906,45.249
92.434,120.212,50.906,45.249
91.867,120.401,50.906,45.249
93.070,118.919,52.032,46.251
91.717,119.112,52.032,46.251
93.457,118.532,52.032,46.251
92.877,120.273,52.032,46.251
94.617,119.306,52.032,46.251
94.037,119.499,52.032,46.251
95.004,119.306,52.032,46.251
95.198,119.112,52.032,46.251
96.165,118.919,52.032,46.251
96.745,118.339,52.032,46.251
98.098,117.759,52.032,46.251
96.745,119.886,52.032,46.251
98.485,117.759,52.032,46.251
97.905,120.273,52.032,46.251
99.645,118.145,52.032,46.251
98.292,119.499,52.032,46.251
99.645,118.145,52.032,46.251
99.452,118.339,52.032,46.251
99.259,117.759,52.032,46.251
99.839,118.339,52.032,46.251
101.193,118.532,52.032,46.251
100.226,118.339,52.032,46.251
101.193,116.985,52.032,46.251
100.612,117.565,52.032,46.251
102.353,118.919,52.032,46.251
101.386,117.565,52.032,46.251
102.353,118.145,52.032,46.251
102.546,116.405,52.032,46.251
102.353,118.532,52.032,46.251
103.707,116.792,52.032,46.251
103.900,118.532,52.032,46.251
105.254,116.792,52.032,46.251
104.287,117.759,52.032,46.251
105.640,117.952,52.032,46.251
105.447,116.598,52.032,46.251
104.867,117.952,52.032,46.251
106.994,116.985,52.032,46.251
104.613,119.082,53.183,47.274
106.787,118.489,53.183,47.274
106.589,119.872,53.183,47.274
105.996,117.698,53.183,47.274
105.799,119.477,53.183,47.274
107.578,117.698,53.183,47.274
106.589,119.082,53.183,47.274
107.973,116.512,53.183,47.274
106.589,117.105,53.183,47.274
108.368,116.512,53.183,47.274
107.380,115.919,53.183,47.274
107.182,114.931,53.183,47.274
106.589,113.942,53.183,47.274
106.616,115.675,54.360,48.320
106.010,113.857,54.360,48.320
107.829,114.463,54.360,48.320
106.010,113.453,54.360,48.320
105.404,114.867,54.360,48.320
104.798,113.857,54.360,48.320
105.404,116.079,54.360,48.320
103.586,115.877,54.360,48.320
105.529,115.419,53.201,47.289
104.540,118.385,53.201,47.289
103.947,117.001,53.201,47.289
101.772,118.780,53.201,47.289
104.738,117.001,53.201,47.289
103.749,117.989,53.201,47.289
102.135,116.030,54.378,48.336
101.933,117.041,54.378,48.336
101.326,114.818,54.378,48.336
100.720,116.636,54.378,48.336
102.135,114.413,54.378,48.336
101.528,116.232,54.378,48.336
100.518,117.647,54.378,48.336
100.316,116.232,54.378,48.336
100.114,118.455,54.378,48.336
102.337,115.828,54.378,48.336
100.922,115.222,54.378,48.336
101.124,116.232,54.378,48.336
102.135,115.222,54.378,48.336
101.124,115.020,54.378,48.336
102.943,114.413,54.378,48.336
101.933,113.403,54.378,48.336
101.730,114.818,54.378,48.336
103.674,115.917,53.218,47.305
102.059,113.547,54.396,48.352
103.879,114.154,54.396,48.352
103.272,115.164,54.396,48.352
104.283,113.749,54.396,48.352
104.889,115.164,54.396,48.352
103.879,113.749,54.396,48.352
104.889,113.951,54.396,48.352
104.283,115.367,54.396,48.352
106.103,113.951,54.396,48.352
104.687,116.580,54.396,48.352
105.698,118.399,54.396,48.352
105.900,116.984,54.396,48.352
107.720,115.569,54.396,48.352
105.650,115.663,55.599,49.421
105.857,113.390,55.599,49.421
107.716,111.117,55.599,49.421
105.857,112.564,55.599,49.421
106.890,109.877,55.599,49.421
106.270,111.737,55.599,49.421
106.476,111.117,55.599,49.421
106.270,110.084,55.599,49.421
105.650,111.944,55.599,49.421
107.096,113.803,55.599,49.421
106.890,112.357,55.599,49.421
106.270,113.390,55.599,49.421
106.063,111.530,55.599,49.421
107.096,113.390,55.599,49.421
108.543,111.530,55.599,49.421
107.096,113.390,55.599,49.421
109.083,114.116,54.413,48.367
107.013,115.470,55.617,49.438
106.806,114.023,55.617,49.438
107.840,115.056,55.617,49.438
106.806,114.023,55.617,49.438
108.253,112.576,55.617,49.438
106.806,112.782,55.617,49.438
108.253,112.576,55.617,49.438
106.393,111.129,55.617,49.438
106.186,112.576,55.617,49.438
107.633,111.542,55.617,49.438
106.186,112.162,55.617,49.438
105.566,112.369,55.617,49.438
104.532,110.095,55.617,49.438
103.912,111.955,55.617,49.438
103.705,111.749,55.617,49.438
103.499,113.196,55.617,49.438
102.465,113.816,55.617,49.438
101.635,112.626,56.848,50.531
101.424,114.527,56.848,50.531
100.368,115.161,56.848,50.531
100.156,116.217,56.848,50.531
100.368,115.584,56.848,50.531
99.311,112.837,56.848,50.531
99.522,115.161,56.848,50.531
99.311,114.950,56.848,50.531
99.100,115.584,56.848,50.531
99.910,113.068,55.635,49.454
100.117,114.929,55.635,49.454
99.910,114.722,55.635,49.454
98.876,115.342,55.635,49.454
98.669,113.481,55.635,49.454
98.876,115.342,55.635,49.454
99.496,117.203,55.635,49.454
98.049,118.237,55.635,49.454
99.496,116.790,55.635,49.454
98.462,119.064,55.635,49.454
97.842,118.030,55.635,49.454
99.289,116.583,55.635,49.454
98.256,115.963,55.635,49.454
98.049,117.410,55.635,49.454
97.842,114.308,55.635,49.454
98.876,115.342,55.635,49.454
98.256,115.135,55.635,49.454
97.222,117.410,55.635,49.454
97.842,115.963,55.635,49.454
98.462,118.237,55.635,49.454
97.842,117.203,55.635,49.454
99.289,119.064,55.635,49.454
97.842,117.617,55.635,49.454
98.876,116.583,55.635,49.454
98.669,118.030,55.635,49.454
98.876,116.996,55.635,49.454
99.083,116.790,55.635,49.454
99.289,116.583,55.635,49.454
98.256,115.963,55.635,49.454
98.876,118.237,55.635,49.454
98.669,118.857,55.635,49.454
98.876,116.996,55.635,49.454
98.669,116.790,55.635,49.454
97.635,117.824,55.635,49.454
98.669,118.030,55.635,49.454
98.049,119.891,55.635,49.454
99.638,117.828,54.449,48.399
98.627,119.244,54.449,48.399
98.829,119.851,54.449,48.399
99.031,117.625,54.449,48.399
99.638,119.851,54.449,48.399
99.031,118.030,54.449,48.399
98.829,120.256,54.449,48.399
99.031,118.435,54.449,48.399
98.424,117.018,54.449,48.399
97.412,118.030,54.449,48.399
98.424,117.018,54.449,48.399
97.412,118.840,54.449,48.399
97.210,118.232,54.449,48.399
99.031,118.435,54.449,48.399
98.020,117.018,54.449,48.399
98.015,118.510,53.288,47.367
98.609,118.312,53.288,47.367
98.807,118.510,53.288,47.367
98.609,118.312,53.288,47.367
98.015,117.717,53.288,47.367
97.421,119.104,53.288,47.367
98.411,117.321,53.288,47.367
97.421,118.312,53.288,47.367
98.015,117.321,53.288,47.367
97.025,117.915,53.288,47.367
98.929,118.611,52.152,46.357
97.572,117.255,52.152,46.357
96.603,119.387,52.152,46.357
96.797,117.642,52.152,46.357
97.378,119.387,52.152,46.357
97.185,117.255,52.152,46.357
96.603,118.999,52.152,46.357
96.022,116.479,52.152,46.357
94.439,117.776,53.305,47.383
95.962,116.945,52.169,46.372
95.381,118.690,52.169,46.372
96.738,116.557,52.169,46.372
94.753,117.855,53.323,47.398
94.951,115.674,53.323,47.398
93.960,117.855,53.323,47.398
93.762,116.071,53.323,47.398
95.942,117.458,53.323,47.398
94.555,118.449,53.323,47.398
94.582,116.485,54.503,48.447
94.784,118.309,54.503,48.447
93.366,116.485,54.503,48.447
95.189,118.309,54.503,48.447
94.987,116.891,54.503,48.447
94.784,116.283,54.503,48.447
95.652,113.855,55.708,49.519
94.203,115.719,55.708,49.519
95.238,115.512,55.708,49.519
96.032,118.634,54.520,48.463
95.019,117.621,54.520,48.463
96.437,116.203,54.520,48.463
96.234,118.837,54.520,48.463
96.437,117.013,54.520,48.463
97.450,117.621,54.520,48.463
96.842,118.229,54.520,48.463
96.640,116.405,54.520,48.463
98.979,117.508,53.358,47.429
97.987,116.120,53.358,47.429
98.979,115.128,53.358,47.429
98.384,118.499,53.358,47.429
100.169,116.715,53.358,47.429
100.164,115.882,52.220,46.418
101.135,114.912,52.220,46.418
101.504,116.716,51.106,45.428
101.500,118.116,50.016,44.459
101.686,119.417,50.016,44.459
102.987,118.116,50.016,44.459
103.173,119.046,50.016,44.459
104.103,119.603,50.016,44.459
104.457,118.823,48.950,43.511
105.236,118.908,50.033,44.474
104.679,119.838,50.033,44.474
104.865,118.536,50.033,44.474
107.011,118.831,48.966,43.525
106.829,117.557,48.966,43.525
107.739,116.647,48.966,43.525
107.557,119.013,48.966,43.525
107.739,117.739,48.966,43.525
108.437,119.431,47.922,42.597
108.461,117.297,48.982,43.540
109.510,119.340,47.937,42.611
109.331,119.875,47.937,42.611
109.153,121.122,47.937,42.611
108.438,118.987,48.998,43.554
110.189,121.382,47.953,42.625
108.734,119.616,49.014,43.568
109.281,120.163,49.014,43.568
108.734,120.709,49.014,43.568
108.381,118.148,50.099,44.532
109.095,120.238,49.030,43.582
107.985,118.055,50.115,44.547
108.699,120.145,49.046,43.597
109.975,118.505,49.046,43.597
108.108,120.103,50.131,44.561
108.667,122.152,50.131,44.561
107.736,120.476,50.131,44.561
108.295,118.799,50.131,44.561
108.854,119.730,50.131,44.561
109.040,119.171,50.131,44.561
108.481,118.985,50.131,44.561
107.922,121.035,50.131,44.561
108.108,119.358,50.131,44.561
107.922,120.662,50.131,44.561
107.363,119.730,50.131,44.561
106.229,117.884,51.241,45.547
107.562,117.313,51.241,45.547
107.371,119.408,51.241,45.547
107.943,117.694,51.241,45.547
106.229,119.789,51.241,45.547
106.800,118.075,51.241,45.547
107.163,120.212,50.148,44.576
107.722,119.280,50.148,44.576
106.790,117.976,50.148,44.576
107.722,116.671,50.148,44.576
105.814,118.305,51.257,45.562
106.385,116.209,51.257,45.562
105.646,118.715,50.164,44.590
105.833,117.037,50.164,44.590
106.392,117.596,50.164,44.590
106.951,115.918,50.164,44.590
105.646,117.969,50.164,44.590
104.714,117.037,50.164,44.590
105.273,115.732,50.164,44.590
105.460,117.783,50.164,44.590
104.325,115.549,51.274,45.577
106.157,114.381,50.181,44.605
105.225,116.433,50.181,44.605
105.411,116.247,50.181,44.605
104.106,115.314,50.181,44.605
104.820,117.408,49.111,43.654
103.709,114.841,50.197,44.620
103.522,116.147,50.197,44.620
103.709,115.215,50.197,44.620
103.522,113.909,50.197,44.620
102.963,115.215,50.197,44.620
102.776,113.536,50.197,44.620
104.930,113.831,49.127,43.668
104.382,112.919,49.127,43.668
103.469,114.562,49.127,43.668
101.978,113.132,50.214,44.634
102.912,114.811,50.214,44.634
102.352,112.758,50.214,44.634
102.538,114.065,50.214,44.634
101.605,113.132,50.214,44.634
101.792,114.811,50.214,44.634
101.043,113.737,51.325,45.622
100.470,114.690,51.325,45.622
100.280,113.737,51.325,45.622
101.996,112.783,51.325,45.622
101.043,113.355,51.325,45.622
100.470,112.401,51.325,45.622
99.898,112.211,51.325,45.622
99.132,110.716,52.460,46.631
99.717,109.351,52.460,46.631
100.089,110.412,51.341,45.637
100.452,111.819,50.247,44.664
99.892,111.632,50.247,44.664
100.826,111.072,50.247,44.664
100.266,112.005,50.247,44.664
99.332,110.698,50.247,44.664
100.768,112.794,49.175,43.711
98.896,112.121,50.263,44.678
97.962,112.682,50.263,44.678
97.775,110.253,50.263,44.678
99.212,111.990,49.191,43.725
98.298,113.635,49.191,43.725
98.115,114.184,49.191,43.725
96.622,114.269,50.280,44.693
96.435,114.830,50.280,44.693
94.910,114.529,51.392,45.682
95.483,115.484,51.392,45.682
94.528,116.439,51.392,45.682
93.573,116.248,51.392,45.682
95.777,118.024,50.296,44.708
94.843,117.837,50.296,44.708
94.656,118.024,50.296,44.708
93.721,118.959,50.296,44.708
92.195,119.822,51.409,45.697
92.768,118.866,51.409,45.697
91.813,119.822,51.409,45.697
90.858,118.484,51.409,45.697
90.284,119.440,51.409,45.697
91.240,119.249,51.409,45.697
90.667,118.675,51.409,45.697
89.329,118.866,51.409,45.697
88.374,117.911,51.409,45.697
88.565,119.249,51.409,45.697
88.756,116.765,51.409,45.697
88.183,118.102,51.409,45.697
87.019,118.191,52.546,46.708
86.824,116.434,52.546,46.708
86.238,117.801,52.546,46.708
86.824,114.871,52.546,46.708
85.847,114.285,52.546,46.708
85.262,114.871,52.546,46.708
85.693,113.341,53.709,47.741
84.296,113.940,53.709,47.741
85.693,112.144,53.709,47.741
83.897,112.743,53.709,47.741
84.895,112.144,53.709,47.741
83.498,113.142,53.709,47.741
84.895,111.345,53.709,47.741
83.098,113.142,53.709,47.741
83.697,110.547,53.709,47.741
82.699,112.743,53.709,47.741
82.899,110.946,53.709,47.741
82.300,112.743,53.709,47.741
83.697,110.946,53.709,47.741
81.901,112.743,53.709,47.741
82.899,110.547,53.709,47.741
81.501,112.743,53.709,47.741
82.899,110.946,53.709,47.741
81.102,112.743,53.709,47.741
82.100,110.946,53.709,47.741
82.096,112.417,52.563,46.723
81.510,113.785,52.563,46.723
82.486,112.026,52.563,46.723
81.900,113.394,52.563,46.723
80.923,112.026,52.563,46.723
81.119,111.831,52.563,46.723
81.314,110.073,52.563,46.723
81.119,111.831,52.563,46.723
80.533,110.073,52.563,46.723
81.658,112.266,51.443,45.727
81.085,110.163,51.443,45.727
81.817,112.309,50.346,44.752
80.678,110.066,51.459,45.742
80.869,112.170,51.459,45.742
80.678,112.362,51.459,45.742
81.252,111.405,51.459,45.742
79.293,113.082,52.598,46.754
79.880,110.932,52.598,46.754
79.293,112.300,52.598,46.754
80.796,111.480,51.476,45.757
80.605,113.967,51.476,45.757
80.031,112.628,51.476,45.757
79.660,111.129,52.615,46.769
80.638,112.498,52.615,46.769
81.010,112.054,51.493,45.772
81.202,114.542,51.493,45.772
80.831,111.851,52.632,46.784
80.244,114.003,52.632,46.784
80.271,111.253,53.797,47.819
80.071,113.453,53.797,47.819
79.471,114.052,53.797,47.819
81.008,115.911,52.650,46.800
79.816,113.160,53.815,47.835
80.016,115.361,53.815,47.835
79.816,113.560,53.815,47.835
80.016,114.961,53.815,47.835
81.017,113.160,53.815,47.835
80.016,115.361,53.815,47.835
79.816,115.961,53.815,47.835
80.016,113.760,53.815,47.835
79.416,115.561,53.815,47.835
80.817,116.161,53.815,47.835
79.416,114.360,53.815,47.835
80.417,114.961,53.815,47.835
80.217,114.360,53.815,47.835
79.216,116.161,53.815,47.835
79.416,113.960,53.815,47.835
79.412,115.820,52.667,46.815
80.251,113.474,53.832,47.851
78.850,116.075,53.832,47.851
78.650,114.275,53.832,47.851
77.650,115.675,53.832,47.851
78.650,113.474,53.832,47.851
77.650,115.675,53.832,47.851
78.650,113.874,53.832,47.851
78.050,115.275,53.832,47.851
78.650,115.875,53.832,47.851
78.450,114.475,53.832,47.851
79.050,115.875,53.832,47.851
78.050,114.875,53.832,47.851
77.850,116.275,53.832,47.851
78.850,114.875,53.832,47.851
78.250,113.074,53.832,47.851
77.650,114.475,53.832,47.851
77.850,113.874,53.832,47.851
78.450,113.274,53.832,47.851
79.050,114.675,53.832,47.851
78.050,112.474,53.832,47.851
77.850,113.874,53.832,47.851
79.388,115.349,52.684,46.830
79.761,116.792,51.561,45.832
80.719,114.684,51.561,45.832
79.378,115.642,51.561,45.832
79.186,114.301,51.561,45.832
80.528,113.342,51.561,45.832
79.186,113.534,51.561,45.832
80.528,111.809,51.561,45.832
78.168,112.694,52.702,46.846
77.580,113.282,52.702,46.846
78.826,113.780,53.868,47.882
77.425,111.978,53.868,47.882
78.426,113.379,53.868,47.882
78.226,111.577,53.868,47.882
78.025,112.979,53.868,47.882
76.391,113.072,55.059,48.942
77.823,110.412,55.059,48.942
76.391,111.844,55.059,48.942
79.148,110.591,53.885,47.898
76.266,109.022,55.077,48.958
77.143,110.817,56.296,50.041
75.260,113.118,56.296,50.041
75.888,111.654,56.296,50.041
75.679,113.118,56.296,50.041
77.562,111.654,56.296,50.041
76.097,113.955,56.296,50.041
75.888,112.491,56.296,50.041
76.097,111.863,56.296,50.041
76.725,112.909,56.296,50.041
77.771,111.026,56.296,50.041
77.143,111.235,56.296,50.041
76.516,110.189,56.296,50.041
76.725,111.654,56.296,50.041
77.930,110.776,55.095,48.974
76.906,112.209,55.095,48.974
77.111,110.366,55.095,48.974
76.497,112.619,55.095,48.974
75.882,110.776,55.095,48.974
76.087,112.619,55.095,48.974
75.882,111.185,55.095,48.974
74.859,112.619,55.095,48.974
75.882,110.366,55.095,48.974
74.859,112.619,55.095,48.974
74.654,110.776,55.095,48.974
73.630,111.390,55.095,48.974
73.835,112.823,55.095,48.974
72.811,110.980,55.095,48.974
72.197,112.414,55.095,48.974
74.040,110.571,55.095,48.974
72.197,111.595,55.095,48.974
72.811,110.161,55.095,48.974
70.968,111.595,55.095,48.974
71.992,110.571,55.095,48.974
70.558,112.004,55.095,48.974
70.354,113.438,55.095,48.974
72.197,111.595,55.095,48.974
70.354,110.161,55.095,48.974
70.558,112.004,55.095,48.974
69.125,111.800,55.095,48.974
70.968,109.957,55.095,48.974
69.535,112.209,55.095,48.974
68.511,109.957,55.095,48.974
68.306,111.800,55.095,48.974
69.330,109.547,55.095,48.974
67.896,111.390,55.095,48.974
67.692,111.595,55.095,48.974
67.896,108.523,55.095,48.974
66.053,110.776,55.095,48.974
67.487,109.752,55.095,48.974
66.298,110.471,53.921,47.929
66.098,112.275,53.921,47.929
65.897,111.273,53.921,47.929
67.052,110.432,52.771,46.907
65.286,112.589,52.771,46.907
64.306,110.040,52.771,46.907
64.110,111.805,52.771,46.907
64.861,111.360,51.645,45.907
63.134,113.087,51.645,45.907
63.710,111.360,51.645,45.907
60.948,112.246,52.788,46.923
61.929,111.657,52.788,46.923
61.168,110.834,51.662,45.922
60.208,112.178,51.662,45.922
59.248,113.522,51.662,45.922
58.672,114.482,51.662,45.922
57.712,112.754,51.662,45.922
56.752,113.714,51.662,45.922
57.328,111.986,51.662,45.922
56.368,113.330,51.662,45.922
55.408,113.906,51.662,45.922
55.600,111.410,51.662,45.922
53.871,113.138,51.662,45.922
52.143,113.714,51.662,45.922
52.335,111.602,51.662,45.922
50.607,112.562,51.662,45.922
50.799,111.218,51.662,45.922
47.638,111.706,52.805,46.938
47.049,111.902,52.805,46.938
46.068,112.884,52.805,46.938
45.087,112.295,52.805,46.938
43.713,112.884,52.805,46.938
41.946,112.295,52.805,46.938
42.535,110.529,52.805,46.938
39.304,111.435,53.974,47.977
37.499,112.839,53.974,47.977
36.897,113.842,53.974,47.977
34.843,111.022,55.168,49.038
33.818,112.867,55.168,49.038
32.792,111.022,55.168,49.038
31.357,113.277,55.168,49.038
30.332,114.712,55.168,49.038
29.717,112.457,55.168,49.038
27.461,114.302,55.168,49.038
26.846,112.047,55.168,49.038
25.001,113.892,55.168,49.038
24.386,111.637,55.168,49.038
23.771,112.252,55.168,49.038
21.515,112.867,55.168,49.038
20.490,110.612,55.168,49.038
18.645,110.817,55.168,49.038
17.619,111.842,55.168,49.038
17.004,112.047,55.168,49.038
15.979,111.022,55.168,49.038
14.544,112.047,55.168,49.038
13.519,110.202,55.168,49.038
10.994,112.425,56.388,50.123
10.784,113.472,56.388,50.123
9.736,111.167,56.388,50.123
