141.000,73.000,27.000,34.000
141.599,72.880,27.000,34.000
141.240,72.760,27.000,34.000
141.120,72.640,27.000,34.000
141.480,72.520,27.000,34.000
142.079,72.401,27.000,34.000
141.719,73.000,27.000,34.000
143.038,72.640,27.000,34.000
142.439,72.281,27.000,34.000
143.518,72.880,27.000,34.000
144.357,72.281,27.000,34.000
144.237,72.880,27.000,34.000
144.836,72.281,27.000,34.000
145.915,72.880,27.000,34.000
146.515,72.281,27.000,34.000
146.395,72.640,27.000,34.000
147.464,72.389,27.597,34.752
147.096,72.266,27.597,34.752
148.934,72.389,27.597,34.752
149.792,72.511,27.597,34.752
152.120,72.634,27.597,34.752
152.488,71.531,27.597,34.752
153.836,72.634,27.597,34.752
155.674,71.531,27.597,34.752
157.022,72.389,27.597,34.752
158.615,72.266,27.597,34.752
159.472,72.144,27.597,34.752
160.575,72.021,27.597,34.752
162.168,71.898,27.597,34.752
164.006,71.531,27.597,34.752
167.069,72.389,27.597,34.752
167.437,72.266,27.597,34.752
168.295,72.144,27.597,34.752
169.152,72.021,27.597,34.752
170.745,71.898,27.597,34.752
171.603,72.021,27.597,34.752
172.216,71.898,27.597,34.752
172.583,72.021,27.597,34.752
173.441,71.653,27.597,34.752
173.809,71.286,27.597,34.752
174.912,71.898,27.597,34.752
175.279,71.286,27.597,34.752
174.421,71.408,27.597,34.752
175.279,71.776,27.597,34.752
174.666,70.918,27.597,34.752
175.524,71.286,27.597,34.752
174.421,71.408,27.597,34.752
174.544,71.776,27.597,34.752
173.686,71.163,27.597,34.752
173.809,71.776,27.597,34.752
171.971,71.653,27.597,34.752
172.583,71.531,27.597,34.752
170.990,72.389,27.597,34.752
169.888,72.021,27.597,34.752
168.540,71.408,27.597,34.752
166.212,71.776,27.597,34.752
163.393,70.918,27.597,34.752
162.152,71.407,27.009,34.011
159.874,71.767,27.009,34.011
158.555,71.167,27.009,34.011
154.357,71.767,27.009,34.011
153.998,71.407,27.009,34.011
151.959,72.006,27.009,34.011
149.920,71.407,27.009,34.011
147.882,71.767,27.009,34.011
145.843,71.407,27.009,34.011
143.678,71.902,27.606,34.764
142.330,72.024,27.606,34.764
140.736,72.637,27.606,34.764
139.388,72.269,27.606,34.764
136.079,72.882,27.606,34.764
136.446,72.024,27.606,34.764
134.117,72.637,27.606,34.764
132.769,72.024,27.606,34.764
130.685,72.882,27.606,34.764
128.601,72.760,27.606,34.764
126.763,72.882,27.606,34.764
125.169,73.005,27.606,34.764
123.821,73.372,27.606,34.764
121.983,73.740,27.606,34.764
119.654,73.127,27.606,34.764
119.041,73.740,27.606,34.764
118.183,73.372,27.606,34.764
117.815,74.476,27.606,34.764
116.467,74.598,27.606,34.764
115.118,74.966,27.606,34.764
115.486,74.843,27.606,34.764
114.138,74.966,27.606,34.764
114.751,75.579,27.606,34.764
113.402,76.437,27.606,34.764
112.299,77.050,27.606,34.764
112.630,76.792,28.217,35.533
111.928,76.529,28.842,36.319
111.031,76.657,28.842,36.319
110.391,77.041,28.842,36.319
109.142,77.570,29.480,37.123
110.038,76.480,30.132,37.944
108.455,77.032,30.799,38.783
109.108,75.610,31.480,39.641
109.527,75.470,31.480,39.641
108.828,75.330,31.480,39.641
109.527,74.911,31.480,39.641
109.904,74.327,32.176,40.519
110.385,74.622,31.490,39.654
110.762,74.908,32.187,40.532
111.443,73.718,32.899,41.429
112.174,73.572,32.899,41.429
113.196,73.718,32.899,41.429
114.219,73.865,32.899,41.429
115.533,73.718,32.899,41.429
118.309,74.449,32.899,41.429
119.309,73.839,33.627,42.345
120.951,73.988,33.627,42.345
123.191,73.839,33.627,42.345
125.729,73.391,33.627,42.345
127.371,73.242,33.627,42.345
129.312,74.585,33.627,42.345
130.678,74.030,32.910,41.442
132.297,73.767,32.208,40.558
133.881,73.786,31.521,39.693
136.260,75.326,31.521,39.693
136.120,74.346,31.521,39.693
137.659,74.206,31.521,39.693
138.639,74.066,31.521,39.693
139.619,75.326,31.521,39.693
141.169,74.805,30.849,38.847
142.158,74.031,30.191,38.019
143.126,74.824,29.547,37.208
144.073,74.841,28.917,36.414
144.715,73.942,28.917,36.414
145.614,74.071,28.917,36.414
145.486,73.686,28.917,36.414
146.641,74.584,28.917,36.414
145.999,74.199,28.917,36.414
147.411,73.814,28.917,36.414
148.567,73.686,28.917,36.414
148.182,74.841,28.917,36.414
150.594,75.106,28.301,35.638
151.474,75.985,28.301,35.638
153.350,75.760,27.697,34.878
154.703,76.375,27.697,34.878
155.591,77.102,27.106,34.134
155.229,76.260,27.106,34.134
156.331,77.668,26.528,33.406
155.742,78.021,26.528,33.406
156.819,78.037,25.963,32.694
156.473,79.305,25.963,32.694
157.280,79.189,25.963,32.694
156.934,79.766,25.963,32.694
156.358,80.803,25.963,32.694
156.934,82.071,25.963,32.694
156.358,82.186,25.963,32.694
157.165,81.380,25.963,32.694
156.589,82.648,25.963,32.694
156.012,83.454,25.963,32.694
156.589,83.570,25.963,32.694
156.243,84.607,25.963,32.694
157.280,85.414,25.963,32.694
157.224,86.763,25.409,31.997
158.014,87.552,25.409,31.997
158.352,88.793,25.409,31.997
157.337,88.906,25.409,31.997
158.151,89.791,24.867,31.314
158.703,90.343,24.867,31.314
157.710,89.129,24.867,31.314
158.482,90.343,24.867,31.314
158.372,89.570,24.867,31.314
159.145,90.564,24.867,31.314
158.151,89.791,24.867,31.314
158.703,90.785,24.867,31.314
157.489,89.349,24.867,31.314
158.712,89.364,24.337,30.646
157.955,89.472,24.337,30.646
157.631,88.716,24.337,30.646
157.307,89.040,24.337,30.646
157.415,88.500,24.337,30.646
156.226,87.527,24.337,30.646
156.334,87.203,24.337,30.646
155.362,86.230,24.337,30.646
154.389,85.690,24.337,30.646
153.201,84.934,24.337,30.646
154.389,85.690,24.337,30.646
152.552,84.502,24.337,30.646
151.148,83.313,24.337,30.646
149.870,81.965,24.875,31.324
148.334,81.504,25.426,32.018
147.467,80.096,25.988,32.726
148.257,80.332,26.563,33.450
146.724,79.035,26.563,33.450
147.549,78.209,26.563,33.450
147.378,77.717,27.151,34.190
147.739,77.355,27.151,34.190
146.413,77.235,27.151,34.190
147.498,76.873,27.151,34.190
145.931,77.958,27.151,34.190
147.016,76.873,27.151,34.190
147.378,77.476,27.151,34.190
147.498,76.873,27.151,34.190
146.172,77.476,27.151,34.190
147.257,76.632,27.151,34.190
147.619,76.270,27.151,34.190
146.293,76.150,27.151,34.190
147.378,75.788,27.151,34.190
148.222,75.908,27.151,34.190
147.378,75.065,27.151,34.190
148.222,74.944,27.151,34.190
146.546,75.191,27.752,34.946
147.408,74.575,27.752,34.946
146.973,74.828,28.366,35.720
145.840,74.450,28.366,35.720
144.958,75.583,28.366,35.720
145.336,75.709,28.366,35.720
143.699,74.828,28.366,35.720
143.777,75.609,28.993,36.510
141.846,75.737,28.993,36.510
140.430,75.866,28.993,36.510
139.786,75.222,28.993,36.510
137.598,76.123,28.993,36.510
135.152,75.737,28.993,36.510
133.221,76.638,28.993,36.510
127.428,76.252,28.993,36.510
127.861,76.269,28.375,35.731
124.460,76.395,28.375,35.731
122.066,76.269,28.375,35.731
119.168,76.395,28.375,35.731
116.775,76.269,28.375,35.731
114.633,76.647,28.375,35.731
112.239,77.781,28.375,35.731
110.097,77.907,28.375,35.731
108.207,77.781,28.375,35.731
106.318,76.647,28.375,35.731
106.444,76.269,28.375,35.731
105.310,75.387,28.375,35.731
103.820,74.861,29.003,36.522
103.899,75.660,29.644,37.330
102.188,74.475,29.644,37.330
102.583,75.397,29.644,37.330
101.662,74.212,29.644,37.330
100.924,75.301,30.300,38.156
99.713,74.090,30.300,38.156
100.655,75.570,30.300,38.156
100.252,74.897,30.300,38.156
100.117,76.377,30.300,38.156
100.201,75.257,30.971,39.000
99.238,74.570,30.971,39.000
99.926,76.357,30.971,39.000
100.613,75.945,30.971,39.000
100.201,77.458,30.971,39.000
100.063,76.770,30.971,39.000
100.476,78.558,30.971,39.000
101.713,80.070,30.971,39.000
101.851,79.108,30.971,39.000
102.263,80.620,30.971,39.000
101.301,81.858,30.971,39.000
101.988,82.545,30.971,39.000
102.126,81.858,30.971,39.000
100.338,83.095,30.971,39.000
99.926,81.583,30.971,39.000
99.788,82.545,30.971,39.000
97.600,81.503,30.310,38.168
95.312,80.830,30.310,38.168
95.178,82.311,30.310,38.168
92.890,80.830,30.310,38.168
90.871,81.772,30.310,38.168
89.508,81.012,29.664,37.354
88.059,80.090,29.664,37.354
85.557,81.012,29.664,37.354
83.845,79.827,29.664,37.354
80.815,80.749,29.664,37.354
78.313,80.353,29.664,37.354
73.703,81.012,29.664,37.354
72.781,80.090,29.664,37.354
70.015,79.958,29.664,37.354
67.249,80.617,29.664,37.354
64.483,80.485,29.664,37.354
61.454,81.144,29.664,37.354
58.161,79.958,29.664,37.354
54.605,79.827,29.664,37.354
51.839,79.168,29.664,37.354
48.283,80.617,29.664,37.354
43.147,79.958,29.664,37.354
42.488,79.563,29.664,37.354
40.249,80.749,29.664,37.354
37.747,80.353,29.664,37.354
35.244,79.958,29.664,37.354
33.269,79.563,29.664,37.354
31.293,81.012,29.664,37.354
29.317,79.827,29.664,37.354
27.605,79.432,29.664,37.354
25.893,80.880,29.664,37.354
22.073,79.958,29.664,37.354
21.942,80.090,29.664,37.354
20.608,81.885,29.031,36.558
18.674,80.467,29.031,36.558
16.998,81.369,29.031,36.558
16.096,80.467,29.031,36.558
14.936,81.111,29.031,36.558
13.776,79.951,29.031,36.558
12.616,79.565,29.031,36.558
11.713,80.725,29.031,36.558
10.553,79.565,29.031,36.558
10.682,80.725,29.031,36.558
10.296,79.565,29.031,36.558
10.940,80.467,29.031,36.558
10.038,79.307,29.031,36.558
10.424,78.920,29.031,36.558
9.970,78.382,29.674,37.367
9.311,79.041,29.674,37.367
9.666,77.397,30.330,38.193
10.339,78.340,30.330,38.193
9.235,78.358,29.683,37.379
10.421,77.699,29.683,37.379
10.817,79.148,29.683,37.379
10.158,77.962,29.683,37.379
11.080,77.303,29.683,37.379
11.212,78.753,29.683,37.379
11.871,78.621,29.683,37.379
12.266,79.807,29.683,37.379
13.452,78.885,29.683,37.379
14.639,78.226,29.683,37.379
17.406,80.203,29.683,37.379
17.538,79.807,29.683,37.379
19.251,81.521,29.683,37.379
20.965,82.443,29.683,37.379
23.205,83.629,29.683,37.379
25.973,85.079,29.683,37.379
28.741,84.947,29.683,37.379
31.772,86.924,29.683,37.379
35.067,88.901,29.683,37.379
39.416,91.142,29.683,37.379
46.138,96.809,29.683,37.379
46.797,98.259,29.683,37.379
49.037,100.236,29.683,37.379
52.595,102.476,29.683,37.379
56.418,104.980,29.683,37.379
58.922,107.221,29.683,37.379
61.426,109.725,29.683,37.379
64.457,112.492,29.683,37.379
66.961,114.997,29.683,37.379
68.938,117.237,29.683,37.379
73.814,120.268,29.683,37.379
73.155,121.982,29.683,37.379
75.396,123.695,29.683,37.379
77.636,125.936,29.683,37.379
79.877,127.122,29.683,37.379
81.327,128.308,29.683,37.379
83.304,129.758,29.683,37.379
85.017,131.207,29.683,37.379
86.730,130.812,29.683,37.379
87.653,131.998,29.683,37.379
90.157,133.975,29.683,37.379
91.343,132.789,29.683,37.379
92.529,134.502,29.683,37.379
93.715,135.425,29.683,37.379
94.902,134.766,29.683,37.379
95.824,136.479,29.683,37.379
96.483,137.665,29.683,37.379
97.669,139.115,29.683,37.379
98.855,138.192,29.683,37.379
99.778,139.906,29.683,37.379
101.755,140.828,29.683,37.379
102.414,140.433,29.683,37.379
103.864,141.619,29.683,37.379
105.050,140.960,29.683,37.379
106.236,140.038,29.683,37.379
107.686,138.851,29.683,37.379
108.081,137.402,29.683,37.379
109.267,135.952,29.683,37.379
110.190,134.239,29.683,37.379
111.112,132.525,29.683,37.379
112.035,130.548,29.683,37.379
112.167,129.626,29.683,37.379
112.826,128.703,29.683,37.379
112.957,127.781,29.683,37.379
113.880,127.122,29.683,37.379
114.539,125.672,29.683,37.379
115.989,125.013,29.683,37.379
116.648,123.563,29.683,37.379
117.834,122.641,29.683,37.379
117.966,121.982,29.683,37.379
119.415,120.268,29.683,37.379
120.074,119.873,29.683,37.379
120.733,119.214,29.683,37.379
121.129,119.082,29.683,37.379
121.788,118.423,29.683,37.379
121.920,118.028,29.683,37.379
122.315,116.842,29.683,37.379
122.974,116.183,29.683,37.379
122.579,115.787,29.683,37.379
123.237,115.919,29.683,37.379
123.633,114.733,29.683,37.379
124.028,115.392,29.683,37.379
123.563,113.474,30.340,38.206
123.967,113.878,30.340,38.206
122.755,112.666,30.340,38.206
124.506,112.262,30.340,38.206
125.449,111.319,30.340,38.206
126.931,111.992,30.340,38.206
127.604,110.780,30.340,38.206
129.625,111.454,30.340,38.206
132.185,109.433,30.340,38.206
133.386,110.548,31.011,39.051
135.176,109.308,31.011,39.051
137.242,107.794,31.011,39.051
142.184,108.933,31.697,39.915
144.295,106.541,31.697,39.915
146.688,104.711,31.697,39.915
149.362,103.163,31.697,39.915
155.132,104.430,31.697,39.915
160.621,105.133,31.697,39.915
166.391,101.615,31.697,39.915
167.658,100.630,31.697,39.915
169.769,98.519,31.697,39.915
171.598,97.252,31.697,39.915
173.428,95.985,31.697,39.915
175.268,95.106,32.399,40.798
177.425,94.387,32.399,40.798
179.871,94.818,32.399,40.798
181.741,93.811,32.399,40.798
183.611,93.667,32.399,40.798
184.330,92.373,32.399,40.798
185.625,93.955,32.399,40.798
184.330,92.085,32.399,40.798
182.460,91.078,32.399,40.798
183.755,91.797,32.399,40.798
181.885,90.215,32.399,40.798
180.151,90.511,31.708,39.928
178.602,89.807,31.708,39.928
177.053,88.540,31.708,39.928
175.505,88.681,31.708,39.928
173.111,88.540,31.708,39.928
171.563,87.555,31.708,39.928
170.577,88.259,31.708,39.928
169.029,88.963,31.708,39.928
166.917,88.259,31.708,39.928
165.491,89.634,31.032,39.077
165.629,88.394,31.032,39.077
166.042,89.634,31.032,39.077
165.178,88.325,30.370,38.244
166.391,88.999,30.370,38.244
167.605,87.246,30.370,38.244
168.549,87.920,30.370,38.244
169.782,86.638,29.722,37.428
170.970,86.242,29.722,37.428
172.686,86.110,29.722,37.428
174.137,85.187,29.722,37.428
176.108,84.695,29.088,36.630
180.277,84.712,28.468,35.849
182.426,84.586,28.468,35.849
186.850,84.460,28.468,35.849
191.905,83.989,27.861,35.084
192.276,83.370,27.861,35.084
195.121,83.742,27.861,35.084
199.203,84.113,27.861,35.084
201.306,82.505,27.861,35.084
203.904,81.639,27.861,35.084
206.705,82.847,27.267,34.336
210.700,82.968,27.267,34.336
212.274,82.847,27.267,34.336
214.574,82.484,27.267,34.336
219.054,83.574,27.267,34.336
219.901,83.937,27.267,34.336
221.233,82.363,27.267,34.336
223.049,82.000,27.267,34.336
224.623,80.668,27.267,34.336
226.439,80.305,27.267,34.336
228.497,78.973,27.267,34.336
231.039,77.641,27.267,34.336
233.824,76.794,27.267,34.336
236.850,77.641,27.267,34.336
241.572,76.068,27.267,34.336
241.209,74.978,27.267,34.336
243.267,73.888,27.267,34.336
245.083,73.041,27.267,34.336
246.657,72.678,27.267,34.336
247.746,73.283,27.267,34.336
249.078,72.436,27.267,34.336
250.168,72.557,27.267,34.336
251.015,72.920,27.267,34.336
251.136,72.799,27.267,34.336
250.773,73.888,27.267,34.336
251.099,73.383,27.870,35.096
249.738,73.259,27.870,35.096
248.377,73.383,27.870,35.096
248.501,73.754,27.870,35.096
246.892,74.125,27.870,35.096
245.283,73.507,27.870,35.096
244.170,74.620,27.870,35.096
242.706,73.590,28.487,35.872
241.820,74.982,28.487,35.872
239.275,75.241,29.117,36.666
238.887,74.594,29.117,36.666
237.723,76.017,29.117,36.666
236.301,76.663,29.117,36.666
234.620,76.275,29.117,36.666
233.198,76.663,29.117,36.666
231.518,77.309,29.117,36.666
230.096,76.922,29.117,36.666
228.566,77.455,29.761,37.477
226.848,77.058,29.761,37.477
224.074,78.776,29.761,37.477
224.206,77.851,29.761,37.477
221.959,79.305,29.761,37.477
220.770,78.116,29.761,37.477
218.788,79.833,29.761,37.477
217.334,79.173,29.761,37.477
215.088,80.362,29.761,37.477
213.899,79.173,29.761,37.477
211.541,80.464,29.127,36.678
210.377,79.559,29.127,36.678
207.920,79.429,29.127,36.678
207.791,79.300,29.127,36.678
206.627,79.171,29.127,36.678
205.722,78.783,29.127,36.678
204.661,79.797,28.505,35.896
204.282,80.430,28.505,35.896
203.396,79.797,28.505,35.896
202.602,79.814,27.898,35.130
202.973,80.681,27.898,35.130
202.849,79.814,27.898,35.130
202.725,79.442,27.898,35.130
202.602,79.071,27.898,35.130
202.973,78.203,27.898,35.130
203.840,78.575,27.898,35.130
204.212,78.203,27.898,35.130
204.831,77.832,27.898,35.130
204.532,79.520,27.303,34.381
205.865,78.429,27.303,34.381
205.744,78.307,27.303,34.381
207.320,79.398,27.303,34.381
208.168,78.307,27.303,34.381
208.290,79.156,27.303,34.381
208.896,78.307,27.303,34.381
209.502,77.944,27.303,34.381
210.593,77.580,27.303,34.381
211.199,77.216,27.303,34.381
212.074,77.700,26.720,33.648
