139.000,112.000,51.000,36.000
139.853,114.559,51.000,36.000
140.365,115.754,51.000,36.000
140.194,117.631,51.000,36.000
139.682,118.484,51.000,36.000
140.194,120.361,51.000,36.000
139.341,120.531,51.000,36.000
139.171,120.019,51.000,36.000
139.000,120.531,51.000,36.000
139.512,120.019,51.000,36.000
139.341,120.531,51.000,36.000
139.171,120.019,51.000,36.000
137.294,120.190,51.000,36.000
137.123,120.702,51.000,36.000
136.953,119.849,51.000,36.000
137.464,119.678,51.000,36.000
136.953,118.825,51.000,36.000
137.464,118.654,51.000,36.000
136.953,117.801,51.000,36.000
137.123,117.289,51.000,36.000
136.270,117.119,51.000,36.000
136.441,116.607,51.000,36.000
136.953,115.412,51.000,36.000
137.464,115.583,51.000,36.000
137.294,114.389,51.000,36.000
137.464,114.559,51.000,36.000
137.976,113.024,51.000,36.000
138.488,113.194,51.000,36.000
138.659,112.682,51.000,36.000
139.512,111.488,51.000,36.000
140.024,111.659,51.000,36.000
140.194,110.123,51.000,36.000
140.706,110.635,51.000,36.000
141.901,109.782,51.000,36.000
142.412,109.953,51.000,36.000
142.583,110.123,51.000,36.000
143.777,109.953,51.000,36.000
145.996,108.758,51.000,36.000
148.555,107.905,51.000,36.000
150.090,108.076,51.000,36.000
152.650,108.588,51.000,36.000
156.574,108.076,51.000,36.000
159.475,108.929,51.000,36.000
162.375,109.782,51.000,36.000
164.593,110.635,51.000,36.000
167.153,111.488,51.000,36.000
168.688,113.365,51.000,36.000
170.565,113.877,51.000,36.000
172.101,113.024,51.000,36.000
173.636,111.829,51.000,36.000
175.854,109.953,51.000,36.000
178.755,108.417,51.000,36.000
180.973,107.223,51.000,36.000
182.850,105.687,51.000,36.000
184.386,104.493,51.000,36.000
184.897,104.663,51.000,36.000
185.751,102.445,51.000,36.000
186.604,102.616,51.000,36.000
187.457,101.080,51.000,36.000
187.969,101.933,51.000,36.000
189.163,102.445,51.000,36.000
189.675,103.639,51.000,36.000
190.528,102.786,51.000,36.000
191.040,103.981,51.000,36.000
191.211,104.834,51.000,36.000
191.040,104.663,51.000,36.000
190.187,104.834,51.000,36.000
190.016,105.346,51.000,36.000
190.187,106.199,51.000,36.000
189.800,104.561,52.128,36.797
189.974,105.433,52.128,36.797
189.800,104.910,52.128,36.797
189.276,105.782,52.128,36.797
189.102,105.259,52.128,36.797
187.881,104.387,52.128,36.797
186.660,104.561,52.128,36.797
185.788,105.085,52.128,36.797
185.265,105.957,52.128,36.797
184.742,105.085,52.128,36.797
183.521,105.259,52.128,36.797
182.301,104.038,52.128,36.797
182.126,104.561,52.128,36.797
180.905,103.341,52.128,36.797
179.336,103.166,52.128,36.797
178.813,102.643,52.128,36.797
177.243,103.515,52.128,36.797
176.371,102.643,52.128,36.797
175.499,102.817,52.128,36.797
173.581,101.945,52.128,36.797
172.360,101.771,52.128,36.797
172.185,102.294,52.128,36.797
171.313,102.120,52.128,36.797
171.139,102.643,52.128,36.797
170.616,103.515,52.128,36.797
169.744,103.689,52.128,36.797
169.918,104.561,52.128,36.797
170.441,105.433,52.128,36.797
170.267,106.305,52.128,36.797
171.488,106.829,52.128,36.797
170.965,107.701,52.128,36.797
171.139,106.829,52.128,36.797
171.313,107.003,52.128,36.797
170.441,106.131,52.128,36.797
168.523,104.561,52.128,36.797
167.651,104.736,52.128,36.797
166.779,104.910,52.128,36.797
165.907,105.433,52.128,36.797
165.384,104.910,52.128,36.797
165.907,105.782,52.128,36.797
165.035,105.608,52.128,36.797
165.558,105.782,52.128,36.797
165.035,106.654,52.128,36.797
165.907,107.177,52.128,36.797
165.384,106.305,52.128,36.797
165.907,106.480,52.128,36.797
164.338,105.608,52.128,36.797
164.861,105.085,52.128,36.797
164.338,105.259,52.128,36.797
164.861,103.689,52.128,36.797
164.338,103.864,52.128,36.797
164.512,102.643,52.128,36.797
163.640,101.771,52.128,36.797
163.814,100.899,52.128,36.797
163.989,99.330,52.128,36.797
164.163,97.411,52.128,36.797
163.989,96.539,52.128,36.797
163.466,95.318,52.128,36.797
162.594,93.749,52.128,36.797
162.419,93.226,52.128,36.797
163.291,91.307,52.128,36.797
163.466,90.784,52.128,36.797
162.942,90.610,52.128,36.797
163.814,89.040,52.128,36.797
163.640,89.215,52.128,36.797
163.814,86.947,52.128,36.797
163.989,87.471,52.128,36.797
164.861,85.552,52.128,36.797
165.035,84.680,52.128,36.797
165.558,83.808,52.128,36.797
165.035,83.285,52.128,36.797
166.256,81.715,52.128,36.797
166.584,79.680,53.282,37.611
166.762,80.928,53.282,37.611
167.297,78.610,53.282,37.611
166.406,79.858,53.282,37.611
167.297,77.541,53.282,37.611
166.406,78.789,53.282,37.611
167.297,76.828,53.282,37.611
166.049,78.076,53.282,37.611
166.940,76.828,53.282,37.611
165.336,77.719,53.282,37.611
166.411,76.008,54.461,38.443
165.998,74.260,55.666,39.293
165.067,74.819,55.666,39.293
165.803,72.645,56.897,40.163
166.374,72.074,56.897,40.163
165.803,73.026,56.897,40.163
166.755,72.074,56.897,40.163
167.326,72.645,56.897,40.163
166.755,72.074,56.897,40.163
167.113,71.037,58.156,41.051
166.918,71.621,58.156,41.051
166.724,72.205,58.156,41.051
166.918,71.232,58.156,41.051
167.502,71.037,58.156,41.051
166.529,70.454,58.156,41.051
167.113,70.648,58.156,41.051
167.697,70.843,58.156,41.051
166.335,71.815,58.156,41.051
167.104,69.948,59.443,41.960
166.906,70.943,59.443,41.960
166.707,73.528,59.443,41.960
166.508,74.522,59.443,41.960
165.911,74.323,59.443,41.960
166.508,73.727,59.443,41.960
166.309,74.721,59.443,41.960
164.917,77.306,59.443,41.960
165.514,77.108,59.443,41.960
164.519,78.102,59.443,41.960
164.718,78.699,59.443,41.960
165.092,77.203,60.758,42.888
164.482,79.845,60.758,42.888
164.686,80.862,60.758,42.888
164.076,82.284,60.758,42.888
163.872,84.114,60.758,42.888
163.669,85.537,60.758,42.888
163.872,87.366,60.758,42.888
164.076,88.789,60.758,42.888
164.686,89.805,60.758,42.888
164.482,91.228,60.758,42.888
165.092,93.058,60.758,42.888
166.328,94.886,59.462,41.973
165.731,96.677,59.462,41.973
166.328,98.069,59.462,41.973
166.129,98.268,59.462,41.973
167.722,100.441,58.194,41.078
168.905,101.818,56.953,40.202
169.095,102.008,56.953,40.202
168.143,102.580,56.953,40.202
168.333,103.151,56.953,40.202
168.524,104.485,56.953,40.202
168.714,104.676,56.953,40.202
168.905,105.628,56.953,40.202
169.095,106.581,56.953,40.202
168.524,107.534,56.953,40.202
169.095,108.868,56.953,40.202
168.905,110.201,56.953,40.202
169.477,111.535,56.953,40.202
169.286,111.345,56.953,40.202
169.477,113.059,56.953,40.202
169.286,113.631,56.953,40.202
169.095,114.203,56.953,40.202
168.905,115.918,56.953,40.202
169.858,117.251,56.953,40.202
169.667,118.585,56.953,40.202
169.477,118.776,56.953,40.202
169.286,120.872,56.953,40.202
169.095,122.205,56.953,40.202
168.905,124.301,56.953,40.202
170.239,126.397,56.953,40.202
169.286,127.731,56.953,40.202
169.477,127.921,56.953,40.202
170.048,129.636,56.953,40.202
168.430,128.599,58.213,41.092
169.403,130.351,58.213,41.092
168.819,131.325,58.213,41.092
169.403,131.520,58.213,41.092
168.430,130.936,58.213,41.092
169.014,132.688,58.213,41.092
168.040,132.104,58.213,41.092
168.624,133.857,58.213,41.092
167.374,132.796,59.501,42.001
167.573,133.791,59.501,42.001
167.772,133.194,59.501,42.001
167.972,132.995,59.501,42.001
168.171,134.787,59.501,42.001
168.370,133.791,59.501,42.001
167.374,132.796,59.501,42.001
167.573,132.199,59.501,42.001
167.374,130.806,59.501,42.001
166.777,130.208,59.501,42.001
167.374,128.815,59.501,42.001
166.379,127.023,59.501,42.001
166.578,124.834,59.501,42.001
166.379,123.042,59.501,42.001
166.180,120.454,59.501,42.001
166.777,118.663,59.501,42.001
165.782,116.871,59.501,42.001
165.981,115.876,59.501,42.001
166.578,114.880,59.501,42.001
166.379,113.487,59.501,42.001
166.180,112.094,59.501,42.001
167.573,111.496,59.501,42.001
166.976,111.297,59.501,42.001
167.175,110.700,59.501,42.001
167.374,110.899,59.501,42.001
165.583,110.302,59.501,42.001
165.782,108.909,59.501,42.001
164.689,108.781,58.232,41.105
165.274,108.586,58.232,41.105
162.741,107.612,58.232,41.105
164.105,107.027,58.232,41.105
161.962,106.443,58.232,41.105
162.936,105.859,58.232,41.105
164.496,104.982,56.990,40.229
165.068,103.648,56.990,40.229
166.594,103.158,55.775,39.371
167.901,101.852,55.775,39.371
166.221,100.172,55.775,39.371
168.274,100.732,55.775,39.371
168.460,99.799,55.775,39.371
169.393,99.239,55.775,39.371
169.953,98.306,55.775,39.371
170.886,99.239,55.775,39.371
169.953,97.933,55.775,39.371
171.259,98.120,55.775,39.371
172.566,98.679,55.775,39.371
173.499,99.239,55.775,39.371
172.192,97.933,55.775,39.371
173.499,97.373,55.775,39.371
174.805,98.306,55.775,39.371
172.752,97.747,55.775,39.371
174.058,99.053,55.775,39.371
173.125,97.373,55.775,39.371
174.431,98.306,55.775,39.371
175.364,97.747,55.775,39.371
173.685,97.933,55.775,39.371
174.618,97.373,55.775,39.371
172.566,97.933,55.775,39.371
174.245,97.000,55.775,39.371
174.805,97.560,55.775,39.371
172.752,98.120,55.775,39.371
173.685,97.560,55.775,39.371
172.006,97.747,55.775,39.371
173.685,99.053,55.775,39.371
172.006,97.747,55.775,39.371
172.939,99.426,55.775,39.371
173.499,98.866,55.775,39.371
172.192,98.306,55.775,39.371
171.259,99.239,55.775,39.371
172.192,99.426,55.775,39.371
170.513,99.239,55.775,39.371
171.819,99.426,55.775,39.371
170.140,98.866,55.775,39.371
171.446,98.680,55.775,39.371
172.379,99.986,55.775,39.371
171.446,98.306,55.775,39.371
172.006,98.866,55.775,39.371
170.700,97.560,55.775,39.371
171.259,98.493,55.775,39.371
172.192,97.933,55.775,39.371
171.633,97.373,55.775,39.371
171.819,97.933,55.775,39.371
172.006,97.000,55.775,39.371
172.192,97.187,55.775,39.371
172.379,97.747,55.775,39.371
172.566,98.306,55.775,39.371
171.633,97.000,55.775,39.371
171.446,97.187,55.775,39.371
172.752,97.000,55.775,39.371
171.073,96.440,55.775,39.371
172.752,97.000,55.775,39.371
172.939,96.440,55.775,39.371
173.872,97.000,55.775,39.371
174.058,95.694,55.775,39.371
174.991,96.254,55.775,39.371
175.342,94.463,57.009,40.242
175.914,94.272,57.009,40.242
175.342,94.082,57.009,40.242
176.296,93.509,57.009,40.242
175.985,94.490,55.793,39.384
176.545,95.050,55.793,39.384
177.105,94.490,55.793,39.384
177.665,95.423,55.793,39.384
176.731,95.237,55.793,39.384
177.665,95.050,55.793,39.384
178.225,95.237,55.793,39.384
179.158,95.797,55.793,39.384
179.344,96.357,55.793,39.384
179.904,95.797,55.793,39.384
179.718,96.357,55.793,39.384
179.531,95.423,55.793,39.384
180.464,95.610,55.793,39.384
180.278,96.170,55.793,39.384
179.344,95.610,55.793,39.384
179.531,96.543,55.793,39.384
179.344,96.357,55.793,39.384
178.411,96.543,55.793,39.384
178.598,97.103,55.793,39.384
178.411,96.917,55.793,39.384
178.598,97.103,55.793,39.384
179.158,97.663,55.793,39.384
178.971,98.596,55.793,39.384
178.785,98.410,55.793,39.384
178.598,98.223,55.793,39.384
179.158,98.036,55.793,39.384
179.344,98.223,55.793,39.384
179.531,98.410,55.793,39.384
180.091,98.596,55.793,39.384
180.651,98.410,55.793,39.384
180.838,98.223,55.793,39.384
180.802,96.819,57.028,40.255
181.374,97.392,57.028,40.255
181.946,96.819,57.028,40.255
182.137,97.392,57.028,40.255
182.709,96.819,57.028,40.255
182.519,97.392,57.028,40.255
182.709,96.438,57.028,40.255
183.282,97.010,57.028,40.255
184.236,96.056,57.028,40.255
184.808,96.247,57.028,40.255
184.999,96.056,57.028,40.255
185.571,95.865,57.028,40.255
185.381,96.438,57.028,40.255
186.334,95.865,57.028,40.255
186.907,96.438,57.028,40.255
186.716,96.247,57.028,40.255
186.907,96.438,57.028,40.255
187.479,96.628,57.028,40.255
188.433,97.201,57.028,40.255
188.242,96.628,57.028,40.255
188.433,97.582,57.028,40.255
189.006,97.392,57.028,40.255
188.815,97.582,57.028,40.255
188.624,98.155,57.028,40.255
188.815,97.582,57.028,40.255
189.387,98.155,57.028,40.255
190.341,97.964,57.028,40.255
190.150,98.155,57.028,40.255
189.959,98.345,57.028,40.255
190.150,98.918,57.028,40.255
190.341,97.964,57.028,40.255
190.913,98.536,57.028,40.255
190.341,99.109,57.028,40.255
191.295,98.536,57.028,40.255
191.486,99.109,57.028,40.255
192.058,98.918,57.028,40.255
191.486,99.109,57.028,40.255
192.058,98.918,57.028,40.255
191.486,99.109,57.028,40.255
192.440,98.918,57.028,40.255
192.249,99.109,57.028,40.255
192.058,99.299,57.028,40.255
192.249,99.872,57.028,40.255
192.821,100.444,57.028,40.255
192.249,99.872,57.028,40.255
192.821,100.063,57.028,40.255
192.249,99.490,57.028,40.255
192.440,100.063,57.028,40.255
192.631,99.490,57.028,40.255
191.677,100.063,57.028,40.255
191.867,99.109,57.028,40.255
192.440,99.299,57.028,40.255
193.012,99.490,57.028,40.255
192.440,100.063,57.028,40.255
193.012,99.109,57.028,40.255
192.440,99.681,57.028,40.255
193.012,100.253,57.028,40.255
192.440,99.681,57.028,40.255
193.394,99.872,57.028,40.255
193.203,100.063,57.028,40.255
193.394,99.109,57.028,40.255
193.585,99.299,57.028,40.255
192.631,99.109,57.028,40.255
193.203,98.536,57.028,40.255
193.775,99.109,57.028,40.255
193.203,98.536,57.028,40.255
194.157,99.109,57.028,40.255
193.966,98.918,57.028,40.255
193.775,98.727,57.028,40.255
193.966,99.681,57.028,40.255
194.538,99.872,57.028,40.255
194.348,100.063,57.028,40.255
196.065,99.109,57.028,40.255
196.256,99.681,57.028,40.255
196.446,100.253,57.028,40.255
196.256,99.681,57.028,40.255
195.683,100.253,57.028,40.255
194.729,99.299,57.028,40.255
194.157,99.109,57.028,40.255
193.584,98.536,57.028,40.255
192.631,98.727,57.028,40.255
191.295,98.536,57.028,40.255
190.723,98.727,57.028,40.255
189.387,98.536,57.028,40.255
189.196,98.727,57.028,40.255
188.242,98.918,57.028,40.255
187.288,97.582,57.028,40.255
187.098,98.536,57.028,40.255
186.525,98.727,57.028,40.255
185.190,99.299,57.028,40.255
185.762,98.345,57.028,40.255
184.427,98.918,57.028,40.255
184.999,97.964,57.028,40.255
183.663,98.536,57.028,40.255
182.709,99.109,57.028,40.255
182.519,98.536,57.028,40.255
181.946,99.109,57.028,40.255
182.519,98.536,57.028,40.255
181.565,99.109,57.028,40.255
181.756,98.536,57.028,40.255
181.565,99.490,57.028,40.255
180.992,99.299,57.028,40.255
181.565,98.727,57.028,40.255
181.756,99.681,57.028,40.255
181.946,99.490,57.028,40.255
182.519,99.299,57.028,40.255
182.328,99.490,57.028,40.255
183.282,99.681,57.028,40.255
184.236,100.253,57.028,40.255
184.427,99.681,57.028,40.255
185.381,100.635,57.028,40.255
185.953,100.063,57.028,40.255
186.525,99.872,57.028,40.255
187.098,100.826,57.028,40.255
188.052,101.017,57.028,40.255
188.624,100.063,57.028,40.255
188.815,100.635,57.028,40.255
189.387,101.589,57.028,40.255
190.341,101.398,57.028,40.255
190.913,101.207,57.028,40.255
191.486,101.398,57.028,40.255
192.821,101.589,57.028,40.255
193.394,102.161,57.028,40.255
195.111,101.207,57.028,40.255
196.065,101.398,57.028,40.255
197.019,101.589,57.028,40.255
197.973,101.780,57.028,40.255
198.927,101.970,57.028,40.255
200.262,100.635,57.028,40.255
201.598,101.589,57.028,40.255
202.170,100.635,57.028,40.255
204.269,101.207,57.028,40.255
205.986,99.872,57.028,40.255
206.940,100.826,57.028,40.255
207.131,100.253,57.028,40.255
208.085,100.063,57.028,40.255
208.657,100.253,57.028,40.255
208.085,100.063,57.028,40.255
208.657,100.635,57.028,40.255
207.703,101.207,57.028,40.255
207.131,99.872,57.028,40.255
206.558,101.589,57.028,40.255
205.223,101.398,57.028,40.255
203.887,100.826,57.028,40.255
202.170,101.398,57.028,40.255
200.835,100.444,57.028,40.255
198.736,100.635,57.028,40.255
196.637,100.444,57.028,40.255
194.920,99.490,57.028,40.255
193.585,99.681,57.028,40.255
191.867,99.109,57.028,40.255
190.914,98.155,57.028,40.255
189.960,97.964,57.028,40.255
189.006,97.392,57.028,40.255
188.433,97.964,57.028,40.255
188.242,96.628,57.028,40.255
188.052,97.582,57.028,40.255
187.479,96.628,57.028,40.255
188.052,97.201,57.028,40.255
187.479,96.628,57.028,40.255
188.052,97.964,57.028,40.255
187.098,96.628,57.028,40.255
186.525,97.582,57.028,40.255
185.571,96.628,57.028,40.255
184.999,96.819,57.028,40.255
185.190,96.247,57.028,40.255
184.617,94.530,57.028,40.255
183.282,93.576,57.028,40.255
182.849,90.557,58.290,41.146
183.434,89.192,58.290,41.146
182.069,88.607,58.290,41.146
182.264,86.462,58.290,41.146
182.069,85.487,58.290,41.146
181.626,84.425,59.579,42.056
181.427,84.624,59.579,42.056
181.228,84.425,59.579,42.056
181.028,83.827,59.579,42.056
182.025,84.425,59.579,42.056
181.826,83.428,59.579,42.056
182.025,83.229,59.579,42.056
182.224,82.232,59.579,42.056
181.228,81.634,59.579,42.056
181.826,82.232,59.579,42.056
182.424,80.837,59.579,42.056
181.427,81.036,59.579,42.056
182.025,80.040,59.579,42.056
182.623,80.638,59.579,42.056
182.025,80.837,59.579,42.056
182.623,81.834,59.579,42.056
182.025,81.236,59.579,42.056
183.022,82.232,59.579,42.056
182.822,83.627,59.579,42.056
183.022,85.421,59.579,42.056
183.221,86.817,59.579,42.056
181.826,88.611,59.579,42.056
182.822,90.006,59.579,42.056
182.224,90.604,59.579,42.056
181.228,92.796,59.579,42.056
181.028,94.590,59.579,42.056
181.626,96.384,59.579,42.056
180.630,97.780,59.579,42.056
180.430,99.972,59.579,42.056
179.832,100.969,59.579,42.056
180.032,103.161,59.579,42.056
179.832,104.158,59.579,42.056
179.235,105.553,59.579,42.056
178.637,106.948,59.579,42.056
178.836,109.141,59.579,42.056
178.238,110.138,59.579,42.056
176.843,112.330,59.579,42.056
176.643,114.921,59.579,42.056
176.045,117.911,59.579,42.056
175.846,120.104,59.579,42.056
175.248,121.499,59.579,42.056
173.853,124.090,59.579,42.056
173.653,125.486,59.579,42.056
172.657,127.678,59.579,42.056
172.059,129.073,59.579,42.056
171.461,128.874,59.579,42.056
170.066,130.668,59.579,42.056
169.468,129.671,59.579,42.056
168.072,129.472,59.579,42.056
167.873,128.475,59.579,42.056
167.275,127.877,59.579,42.056
165.880,127.279,59.579,42.056
165.680,125.884,59.579,42.056
164.285,126.084,59.579,42.056
163.289,124.290,59.579,42.056
163.089,124.090,59.579,42.056
163.687,123.094,59.579,42.056
163.488,122.097,59.579,42.056
163.289,121.499,59.579,42.056
163.089,121.300,59.579,42.056
164.883,122.695,59.579,42.056
165.880,124.489,59.579,42.056
166.079,125.087,59.579,42.056
165.880,123.293,59.579,42.056
165.282,121.100,59.579,42.056
163.089,118.111,59.579,42.056
161.295,115.519,59.579,42.056
157.907,114.124,59.579,42.056
154.917,113.127,59.579,42.056
153.123,114.124,59.579,42.056
153.721,115.918,59.579,42.056
154.319,118.111,59.579,42.056
155.316,118.310,59.579,42.056
156.711,119.705,59.579,42.056
158.903,121.499,59.579,42.056
160.299,122.097,59.579,42.056
160.498,121.100,59.579,42.056
160.697,120.104,59.579,42.056
160.498,118.310,59.579,42.056
159.103,116.117,59.579,42.056
158.903,113.127,59.579,42.056
157.508,110.935,59.579,42.056
155.714,110.337,59.579,42.056
154.319,108.942,59.579,42.056
153.322,108.742,59.579,42.056
152.724,107.746,59.579,42.056
152.126,107.546,59.579,42.056
152.326,108.144,59.579,42.056
151.329,107.945,59.579,42.056
151.528,109.340,59.579,42.056
149.008,107.014,60.897,42.986
149.212,105.180,60.897,42.986
147.378,103.754,60.897,42.986
145.648,101.799,62.245,43.937
144.607,99.925,62.245,43.937
144.398,99.300,62.245,43.937
144.607,99.508,62.245,43.937
145.648,100.133,62.245,43.937
146.689,101.174,62.245,43.937
147.730,102.632,62.245,43.937
147.522,102.424,62.245,43.937
147.730,103.881,62.245,43.937
147.522,102.007,62.245,43.937
144.889,100.009,63.622,44.910
144.676,98.945,63.622,44.910
142.760,97.029,63.622,44.910
141.696,95.539,63.622,44.910
140.632,94.900,63.622,44.910
140.419,94.688,63.622,44.910
141.058,95.752,63.622,44.910
142.973,97.667,63.622,44.910
144.038,100.009,63.622,44.910
144.250,102.776,63.622,44.910
143.612,103.840,63.622,44.910
145.102,104.053,63.622,44.910
146.166,104.691,63.622,44.910
144.676,103.627,63.622,44.910
141.543,102.910,65.030,45.903
141.761,101.822,65.030,45.903
139.803,99.429,65.030,45.903
138.715,98.776,65.030,45.903
137.627,98.123,65.030,45.903
138.715,99.646,65.030,45.903
140.238,99.864,65.030,45.903
141.761,100.952,65.030,45.903
145.459,102.474,65.030,45.903
147.852,103.997,65.030,45.903
148.940,104.215,65.030,45.903
148.723,104.868,65.030,45.903
147.635,104.650,65.030,45.903
145.677,103.127,65.030,45.903
144.154,102.039,65.030,45.903
141.326,100.952,65.030,45.903
138.932,101.169,65.030,45.903
136.104,102.257,65.030,45.903
133.711,104.215,65.030,45.903
133.058,106.608,65.030,45.903
132.406,107.261,65.030,45.903
133.929,109.219,65.030,45.903
135.451,109.001,65.030,45.903
135.669,109.219,65.030,45.903
134.581,109.001,65.030,45.903
132.623,108.784,65.030,45.903
132.129,107.147,66.468,46.919
133.241,106.480,66.468,46.919
135.243,106.258,66.468,46.919
136.799,106.035,66.468,46.919
138.356,106.258,66.468,46.919
141.247,107.370,66.468,46.919
142.803,106.703,66.468,46.919
145.249,106.035,66.468,46.919
147.696,106.258,66.468,46.919
149.697,106.925,66.468,46.919
149.475,105.813,66.468,46.919
145.694,105.146,66.468,46.919
141.914,104.479,66.468,46.919
137.244,105.146,66.468,46.919
134.798,106.258,66.468,46.919
133.241,109.149,66.468,46.919
134.353,111.150,66.468,46.919
135.465,112.262,66.468,46.919
134.798,112.484,66.468,46.919
132.797,114.041,66.468,46.919
131.685,113.818,66.468,46.919
131.018,114.486,66.468,46.919
128.127,116.042,66.468,46.919
128.349,115.375,66.468,46.919
128.767,115.087,67.939,47.957
128.723,112.906,69.442,49.018
129.420,112.673,69.442,49.018
129.188,111.512,69.442,49.018
128.956,109.885,69.442,49.018
126.400,108.724,69.442,49.018
123.380,106.633,69.442,49.018
119.895,104.077,69.442,49.018
116.410,102.451,69.442,49.018
111.067,100.825,69.442,49.018
105.237,98.595,70.979,50.102
100.250,96.933,70.979,50.102
96.213,96.221,70.979,50.102
95.026,95.508,70.979,50.102
95.264,94.321,70.979,50.102
96.451,94.558,70.979,50.102
97.163,93.371,70.979,50.102
95.976,94.558,70.979,50.102
95.264,93.371,70.979,50.102
92.652,94.084,70.979,50.102
92.414,93.371,70.979,50.102
93.126,94.084,70.979,50.102
93.839,93.371,70.979,50.102
95.026,94.084,70.979,50.102
93.839,93.846,70.979,50.102
95.501,95.033,70.979,50.102
94.789,94.796,70.979,50.102
92.279,93.503,72.549,51.211
90.580,93.260,72.549,51.211
87.910,93.017,72.549,51.211
84.755,92.774,72.549,51.211
79.658,93.017,72.549,51.211
74.561,91.318,72.549,51.211
70.435,91.075,72.549,51.211
70.192,90.833,72.549,51.211
71.891,92.532,72.549,51.211
75.532,93.745,72.549,51.211
84.027,96.415,72.549,51.211
93.007,98.600,72.549,51.211
99.560,101.269,72.549,51.211
103.201,102.483,72.549,51.211
102.958,103.211,72.549,51.211
100.289,102.483,72.549,51.211
95.192,101.755,72.549,51.211
94.463,101.027,72.549,51.211
93.250,99.328,72.549,51.211
93.978,99.570,72.549,51.211
95.677,100.784,72.549,51.211
97.861,102.483,72.549,51.211
99.829,101.161,74.154,52.344
103.550,102.401,74.154,52.344
106.279,102.153,74.154,52.344
109.008,101.905,74.154,52.344
112.233,101.657,74.154,52.344
116.947,103.890,74.154,52.344
121.660,104.138,74.154,52.344
127.862,105.875,74.154,52.344
131.584,105.130,74.154,52.344
132.824,105.379,74.154,52.344
133.568,105.627,74.154,52.344
133.320,105.379,74.154,52.344
133.072,104.634,74.154,52.344
134.809,104.386,74.154,52.344
140.515,103.146,74.154,52.344
148.205,102.898,74.154,52.344
156.392,103.146,74.154,52.344
163.587,104.386,74.154,52.344
168.300,105.130,74.154,52.344
171.525,105.379,74.154,52.344
175.743,106.619,74.154,52.344
179.960,107.859,74.154,52.344
184.178,107.611,74.154,52.344
187.218,108.834,75.795,53.502
192.036,110.102,75.795,53.502
197.361,110.863,75.795,53.502
200.151,110.609,75.795,53.502
204.461,110.355,75.795,53.502
209.279,109.595,75.795,53.502
212.576,109.341,75.795,53.502
216.886,108.580,75.795,53.502
220.690,108.327,75.795,53.502
222.972,107.566,75.795,53.502
226.269,108.327,75.795,53.502
227.537,107.566,75.795,53.502
229.312,108.834,75.795,53.502
228.210,107.453,77.472,54.686
228.988,108.230,77.472,54.686
226.786,106.281,79.186,55.896
228.111,107.606,79.186,55.896
225.860,105.613,80.938,57.133
224.122,104.700,82.729,58.397
226.613,104.977,82.729,58.397
225.229,105.253,82.729,58.397
223.845,106.637,82.729,58.397
221.494,105.704,84.559,59.689
219.514,105.421,84.559,59.689
215.837,104.573,84.559,59.689
210.462,103.724,84.559,59.689
207.350,102.309,84.559,59.689
204.804,100.895,84.559,59.689
203.389,101.744,84.559,59.689
204.238,103.158,84.559,59.689
203.389,104.573,84.559,59.689
201.975,105.987,84.559,59.689
198.863,106.270,84.559,59.689
194.054,104.855,84.559,59.689
188.679,104.573,84.559,59.689
182.738,103.158,84.559,59.689
175.100,101.744,84.559,59.689
170.291,101.461,84.559,59.689
167.179,100.612,84.559,59.689
163.501,100.895,84.559,59.689
160.389,100.612,84.559,59.689
156.146,99.763,84.559,59.689
150.771,100.046,84.559,59.689
145.962,99.763,84.559,59.689
143.864,99.582,82.756,58.416
141.811,100.472,80.991,57.170
138.288,100.201,80.991,57.170
134.766,100.472,80.991,57.170
131.785,100.201,80.991,57.170
128.805,99.930,80.991,57.170
126.366,100.742,80.991,57.170
124.470,102.097,80.991,57.170
122.573,102.368,80.991,57.170
121.218,103.723,80.991,57.170
118.780,105.620,80.991,57.170
117.967,106.433,80.991,57.170
116.070,107.245,80.991,57.170
113.631,106.974,80.991,57.170
111.735,105.620,80.991,57.170
109.838,104.807,80.991,57.170
107.941,103.994,80.991,57.170
106.045,103.723,80.991,57.170
103.064,105.078,80.991,57.170
102.251,104.265,80.991,57.170
101.980,102.910,80.991,57.170
103.335,102.639,80.991,57.170
103.606,101.284,80.991,57.170
104.961,101.555,80.991,57.170
106.315,102.910,80.991,57.170
106.045,105.349,80.991,57.170
105.774,108.871,80.991,57.170
106.586,113.477,80.991,57.170
105.774,116.458,80.991,57.170
105.503,118.355,80.991,57.170
104.148,117.542,80.991,57.170
101.846,114.942,82.783,58.435
101.569,111.895,82.783,58.435
101.846,106.079,82.783,58.435
102.677,100.817,82.783,58.435
102.954,95.001,82.783,58.435
103.785,90.293,82.783,58.435
104.062,86.138,82.783,58.435
106.001,85.308,82.783,58.435
108.493,85.031,82.783,58.435
110.986,87.523,82.783,58.435
114.586,91.124,82.783,58.435
114.309,97.494,82.783,58.435
114.032,103.310,82.783,58.435
114.309,109.126,82.783,58.435
112.924,113.834,82.783,58.435
112.647,114.665,82.783,58.435
111.817,112.726,82.783,58.435
112.094,110.787,82.783,58.435
109.741,106.980,84.614,59.728
107.337,103.089,86.486,61.049
106.469,100.485,86.486,61.049
104.611,95.306,88.400,62.400
106.090,90.279,88.400,62.400
106.386,86.434,88.400,62.400
106.681,81.998,88.400,62.400
108.160,81.702,88.400,62.400
110.230,83.181,88.400,62.400
111.709,87.026,88.400,62.400
114.371,93.236,88.400,62.400
117.624,99.447,88.400,62.400
120.877,102.700,88.400,62.400
122.947,104.179,88.400,62.400
123.835,103.291,88.400,62.400
124.130,100.630,88.400,62.400
124.426,96.194,88.400,62.400
124.130,92.940,88.400,62.400
125.609,89.687,88.400,62.400
123.711,85.008,90.356,63.781
121.143,81.480,92.355,65.192
120.216,79.935,92.355,65.192
119.907,79.008,92.355,65.192
118.980,78.081,92.355,65.192
119.289,75.918,92.355,65.192
119.229,71.671,94.398,66.634
118.913,70.092,94.398,66.634
118.598,70.408,94.398,66.634
119.545,71.355,94.398,66.634
120.139,72.256,96.487,68.108
121.753,77.098,96.487,68.108
122.076,83.877,96.487,68.108
121.753,91.947,96.487,68.108
123.367,97.435,96.487,68.108
123.690,100.985,96.487,68.108
123.367,101.954,96.487,68.108
121.753,99.694,96.487,68.108
121.430,97.435,96.487,68.108
121.753,93.884,96.487,68.108
123.367,90.333,96.487,68.108
123.690,86.137,96.487,68.108
122.957,81.699,98.622,69.615
122.893,76.479,100.804,71.155
124.579,72.769,100.804,71.155
124.917,71.083,100.804,71.155
125.928,72.095,100.804,71.155
126.266,75.130,100.804,71.155
124.801,80.291,103.034,72.730
121.157,89.858,105.314,74.339
120.100,104.303,105.314,74.339
119.043,115.930,105.314,74.339
119.396,121.215,105.314,74.339
118.339,122.272,105.314,74.339
117.282,117.692,105.314,74.339
115.520,112.407,105.314,74.339
113.054,103.599,105.314,74.339
111.997,94.790,105.314,74.339
112.659,84.829,107.644,75.984
113.740,77.987,107.644,75.984
113.670,72.289,110.025,77.665
114.038,69.713,110.025,77.665
112.934,71.553,110.025,77.665
111.829,75.602,110.025,77.665
107.939,82.763,112.459,79.383
103.182,93.205,114.948,81.140
100.490,105.126,114.948,81.140
98.021,114.203,117.491,82.935
98.414,120.885,117.491,82.935
95.076,121.191,120.090,84.770
93.067,114.361,120.090,84.770
91.058,104.317,120.090,84.770
89.853,92.666,120.090,84.770
88.647,82.622,120.090,84.770
88.246,74.988,120.090,84.770
87.844,69.765,120.090,84.770
85.031,67.756,120.090,84.770
83.826,72.176,120.090,84.770
81.247,78.324,122.747,86.645
77.759,88.017,125.463,88.562
77.339,101.029,125.463,88.562
75.516,109.194,128.239,90.522
75.087,114.772,128.239,90.522
72.333,109.764,131.076,92.524
71.017,101.432,131.076,92.524
71.456,90.469,131.076,92.524
73.648,77.752,131.076,92.524
74.964,66.789,131.076,92.524
76.280,57.580,131.076,92.524
76.718,51.880,131.076,92.524
75.402,47.933,131.076,92.524
74.087,46.617,131.076,92.524
72.771,50.564,131.076,92.524
71.456,56.265,131.076,92.524
70.140,65.474,131.076,92.524
67.948,77.314,131.076,92.524
65.755,90.031,131.076,92.524
62.940,100.381,133.976,94.572
63.388,108.898,133.976,94.572
62.044,111.139,133.976,94.572
60.699,105.312,133.976,94.572
60.251,97.692,133.976,94.572
59.803,87.383,133.976,94.572
58.785,73.781,136.941,96.664
60.160,63.244,136.941,96.664
61.534,54.539,136.941,96.664
61.076,49.499,136.941,96.664
62.451,48.125,136.941,96.664
61.992,51.332,136.941,96.664
61.534,58.204,136.941,96.664
59.244,69.658,136.941,96.664
59.702,86.609,136.941,96.664
56.761,99.324,139.970,98.803
53.755,111.348,143.067,100.989
50.682,120.659,146.233,103.223
48.557,123.070,149.468,105.507
45.347,115.159,152.775,107.841
45.858,105.448,152.775,107.841
47.392,92.670,152.775,107.841
48.925,77.848,152.775,107.841
52.503,66.092,152.775,107.841
56.081,56.381,152.775,107.841
55.570,50.758,152.775,107.841
58.125,51.270,152.775,107.841
57.614,54.847,152.775,107.841
57.103,63.536,152.775,107.841
55.943,73.479,156.155,110.227
55.421,88.629,156.155,110.227
54.898,105.869,156.155,110.227
52.629,116.032,159.610,112.666
50.309,118.664,163.141,115.159
46.806,111.161,166.751,117.707
44.382,100.020,170.440,120.311
46.093,85.764,170.440,120.311
48.944,70.368,170.440,120.311
51.795,54.973,170.440,120.311
52.365,44.139,170.440,120.311
52.935,36.726,170.440,120.311
53.506,32.734,170.440,120.311
52.935,35.585,170.440,120.311
52.365,41.858,170.440,120.311
51.795,52.692,170.440,120.311
49.318,66.151,174.211,122.973
48.735,80.722,174.211,122.973
46.987,91.795,174.211,122.973
45.238,97.041,174.211,122.973
43.490,89.464,174.211,122.973
42.907,80.722,174.211,122.973
43.490,67.316,174.211,122.973
44.072,52.746,174.211,122.973
45.821,39.341,174.211,122.973
47.569,29.433,174.211,122.973
48.152,23.021,174.211,122.973
49.901,20.107,174.211,122.973
49.318,23.021,174.211,122.973
48.735,28.267,174.211,122.973
46.987,38.175,174.211,122.973
47.569,51.580,174.211,122.973
49.318,70.813,174.211,122.973
47.995,85.780,178.066,125.693
47.400,99.481,178.066,125.693
44.812,106.126,182.005,128.474
45.421,101.863,182.005,128.474
47.247,93.947,182.005,128.474
47.856,81.160,182.005,128.474
49.683,68.373,182.005,128.474
49.074,56.804,182.005,128.474
47.247,47.671,182.005,128.474
46.638,42.191,182.005,128.474
48.465,42.799,182.005,128.474
49.074,48.280,182.005,128.474
50.901,57.413,182.005,128.474
52.727,71.418,182.005,128.474
50.082,84.527,186.032,131.317
46.087,92.760,190.148,134.222
43.324,91.935,194.355,137.192
42.673,86.083,194.355,137.192
43.324,76.330,194.355,137.192
43.974,66.576,194.355,137.192
46.673,57.385,190.211,134.266
46.037,49.112,190.211,134.266
47.451,45.024,186.154,131.403
50.037,47.025,182.185,128.601
50.646,52.511,182.185,128.601
51.256,64.091,182.185,128.601
51.865,85.424,182.185,128.601
50.037,100.661,182.185,128.601
44.859,107.460,186.215,131.446
44.236,99.361,186.215,131.446
46.105,90.016,186.215,131.446
47.974,79.425,186.215,131.446
48.597,65.096,186.215,131.446
52.384,52.687,182.244,128.643
56.090,40.542,178.358,125.900
56.687,31.592,178.358,125.900
63.765,30.058,174.554,123.215
64.349,29.474,174.554,123.215
64.933,34.730,174.554,123.215
69.609,44.487,170.832,120.587
71.981,55.138,167.189,118.016
73.659,63.528,167.189,118.016
75.337,68.562,167.189,118.016
78.134,69.121,167.189,118.016
79.377,64.449,163.624,115.499
82.114,55.143,163.624,115.499
80.472,43.648,163.624,115.499
89.076,36.965,160.134,113.036
85.326,27.857,160.134,113.036
94.779,25.448,156.719,110.625
99.987,30.165,153.377,108.266
101.128,35.771,150.106,105.957
99.622,43.303,150.106,105.957
106.546,60.406,146.905,103.698
104.089,71.710,146.905,103.698
101.954,83.311,150.156,105.992
103.461,94.865,150.156,105.992
101.954,98.381,150.156,105.992
104.466,90.846,150.156,105.992
102.959,78.287,150.156,105.992
111.823,68.281,146.954,103.732
112.916,55.645,143.820,101.520
119.171,44.578,143.820,101.520
119.313,35.922,140.753,99.355
126.714,31.989,137.751,97.236
123.488,28.763,137.751,97.236
129.479,32.910,137.751,97.236
126.253,37.980,137.751,97.236
131.720,51.010,134.814,95.162
130.367,64.991,134.814,95.162
135.328,78.973,134.814,95.162
137.583,93.857,134.814,95.162
139.838,104.230,134.814,95.162
141.191,103.779,134.814,95.162
138.936,95.210,134.814,95.162
135.779,82.130,134.814,95.162
136.782,71.408,131.939,93.133
142.018,58.361,129.125,91.147
140.722,47.561,129.125,91.147
143.746,37.625,129.125,91.147
141.586,31.145,129.125,91.147
143.746,30.713,129.125,91.147
146.371,34.600,126.371,89.203
146.496,40.848,123.676,87.301
144.428,47.882,123.676,87.301
150.133,61.176,121.039,85.439
148.109,72.920,121.039,85.439
151.753,84.663,121.039,85.439
151.348,94.786,121.039,85.439
155.371,102.333,118.458,83.617
152.597,99.558,118.458,83.617
150.615,92.821,118.458,83.617
147.841,82.121,118.458,83.617
146.652,73.799,118.458,83.617
145.463,63.891,118.458,83.617
148.237,55.569,118.458,83.617
146.256,49.624,118.458,83.617
145.067,44.472,118.458,83.617
148.634,44.868,118.458,83.617
147.987,47.670,115.932,81.834
145.272,51.161,115.932,81.834
145.386,58.388,113.459,80.089
150.621,68.389,111.040,78.381
148.020,76.190,111.040,78.381
150.621,83.248,111.040,78.381
148.020,87.335,111.040,78.381
146.906,87.706,111.040,78.381
145.048,83.620,111.040,78.381
143.934,78.047,111.040,78.381
148.340,72.796,108.672,76.710
146.523,65.888,108.672,76.710
147.613,58.981,108.672,76.710
146.523,55.709,108.672,76.710
150.522,56.072,108.672,76.710
149.928,60.745,106.354,75.074
148.149,66.794,106.354,75.074
151.352,74.977,106.354,75.074
148.149,82.449,106.354,75.074
152.775,96.326,106.354,75.074
153.566,104.328,104.086,73.473
154.340,107.461,101.867,71.906
155.098,104.615,99.694,70.372
157.768,99.257,97.568,68.872
159.400,90.444,97.568,68.872
161.032,83.589,97.568,68.872
164.623,77.387,97.568,68.872
167.866,74.661,95.488,67.403
168.185,71.786,95.488,67.403
173.206,73.428,93.451,65.966
172.268,73.115,93.451,65.966
171.956,76.554,93.451,65.966
171.018,81.869,93.451,65.966
174.726,90.106,91.459,64.559
175.996,97.578,89.508,63.182
176.085,103.735,87.599,61.835
176.736,104.677,85.731,60.516
176.821,101.729,83.903,59.226
177.102,95.834,83.903,59.226
177.944,88.816,83.903,59.226
177.663,82.922,83.903,59.226
177.944,77.588,83.903,59.226
178.225,75.062,83.903,59.226
179.067,75.343,83.903,59.226
178.786,77.308,83.903,59.226
178.505,80.957,83.903,59.226
180.470,85.729,83.903,59.226
182.718,93.124,82.114,57.963
180.795,97.794,82.114,57.963
181.405,99.736,80.363,56.727
181.485,98.009,78.649,55.517
180.169,93.009,78.649,55.517
180.432,88.536,78.649,55.517
178.064,85.116,78.649,55.517
178.327,82.221,78.649,55.517
175.433,80.906,78.649,55.517
173.065,81.169,78.649,55.517
171.223,83.537,78.649,55.517
168.329,84.853,78.649,55.517
165.961,85.642,78.649,55.517
166.546,91.053,76.972,54.333
169.104,95.355,75.330,53.174
174.037,98.594,73.724,52.040
180.290,101.288,72.152,50.931
186.876,103.460,70.613,49.844
194.232,105.586,69.107,48.781
199.088,104.430,69.107,48.781
203.480,105.123,69.107,48.781
206.948,104.430,69.107,48.781
209.954,106.048,69.107,48.781
212.960,107.666,69.107,48.781
215.040,107.898,69.107,48.781
217.584,109.054,69.107,48.781
219.664,109.747,69.107,48.781
220.358,109.978,69.107,48.781
216.890,109.747,69.107,48.781
218.046,109.978,69.107,48.781
214.578,110.672,69.107,48.781
212.497,109.978,69.107,48.781
210.416,111.134,69.107,48.781
208.798,108.591,69.107,48.781
207.180,109.285,69.107,48.781
204.174,108.129,69.107,48.781
202.460,109.317,67.633,47.741
198.161,107.281,67.633,47.741
194.738,108.008,66.191,46.723
190.535,107.439,64.780,45.727
187.256,106.047,63.398,44.752
182.378,104.562,63.398,44.752
178.348,102.653,63.398,44.752
173.894,101.168,63.398,44.752
170.686,100.623,62.046,43.797
167.546,99.690,60.723,42.863
166.431,99.559,59.428,41.949
164.642,98.565,59.428,41.949
164.317,98.438,58.161,41.055
163.734,97.854,58.161,41.055
163.791,98.854,56.920,40.179
163.220,98.664,56.920,40.179
162.268,98.474,56.920,40.179
163.792,99.820,55.707,39.322
162.115,100.379,55.707,39.322
163.607,99.541,54.519,38.484
164.716,101.182,53.356,37.663
164.894,101.717,53.356,37.663
164.002,101.182,53.356,37.663
164.894,102.431,53.356,37.663
165.787,103.324,53.356,37.663
167.036,103.859,53.356,37.663
167.572,104.038,53.356,37.663
169.178,104.930,53.356,37.663
170.428,105.823,53.356,37.663
172.035,106.715,53.356,37.663
172.927,107.965,53.356,37.663
174.177,109.928,53.356,37.663
176.140,111.892,53.356,37.663
178.461,113.855,53.356,37.663
181.138,115.462,53.356,37.663
182.745,117.068,53.356,37.663
185.422,118.675,53.356,37.663
186.672,120.282,53.356,37.663
188.992,122.602,53.356,37.663
189.885,123.852,53.356,37.663
191.134,124.387,53.356,37.663
192.741,125.994,53.356,37.663
195.776,127.243,53.356,37.663
197.739,128.850,53.356,37.663
198.632,129.385,53.356,37.663
199.881,130.635,53.356,37.663
200.417,131.884,53.356,37.663
203.566,132.114,52.218,36.860
203.741,130.891,52.218,36.860
205.663,130.716,52.218,36.860
206.886,129.144,52.218,36.860
208.807,127.572,52.218,36.860
210.729,127.397,52.218,36.860
211.952,126.174,52.218,36.860
213.524,124.951,52.218,36.860
213.000,126.174,52.218,36.860
215.271,124.602,52.218,36.860
217.343,126.174,51.105,36.074
216.488,126.686,51.105,36.074
219.176,127.565,50.015,35.305
219.225,128.103,48.948,34.552
221.483,129.576,47.904,33.815
220.361,130.057,47.904,33.815
222.880,131.808,46.883,33.094
222.096,131.965,46.883,33.094
224.259,131.562,45.883,32.388
223.184,131.715,45.883,32.388
225.301,131.617,44.905,31.697
225.151,129.964,44.905,31.697
224.700,130.415,44.905,31.697
227.062,130.319,43.947,31.021
226.620,128.407,43.947,31.021
227.944,126.790,43.947,31.021
228.385,125.173,43.947,31.021
229.414,123.261,43.947,31.021
228.973,121.938,43.947,31.021
228.826,122.379,43.947,31.021
228.973,121.350,43.947,31.021
229.120,121.497,43.947,31.021
229.561,121.644,43.947,31.021
228.826,122.379,43.947,31.021
228.973,122.526,43.947,31.021
228.238,123.261,43.947,31.021
228.091,123.408,43.947,31.021
227.851,125.015,43.010,30.360
229.280,124.922,42.093,29.712
229.984,125.626,42.093,29.712
230.970,126.330,42.093,29.712
233.183,126.783,41.195,29.079
233.597,126.094,41.195,29.079
232.908,126.507,41.195,29.079
231.943,125.543,41.195,29.079
230.151,125.956,41.195,29.079
227.533,126.094,41.195,29.079
224.087,126.507,41.195,29.079
221.193,125.543,41.195,29.079
217.748,125.680,41.195,29.079
214.027,125.267,41.195,29.079
211.942,125.976,40.316,28.459
209.379,125.571,40.316,28.459
208.119,126.264,39.457,27.852
206.667,125.340,39.457,27.852
205.215,125.472,39.457,27.852
204.819,125.868,39.457,27.852
203.895,126.000,39.457,27.852
203.499,126.132,39.457,27.852
203.103,125.472,39.457,27.852
204.027,126.132,39.457,27.852
203.895,125.736,39.457,27.852
204.291,126.396,39.457,27.852
203.895,126.000,39.457,27.852
205.875,126.924,39.457,27.852
206.007,126.528,39.457,27.852
207.195,125.604,39.457,27.852
207.327,125.208,39.457,27.852
206.931,124.284,39.457,27.852
208.647,124.680,39.457,27.852
209.307,125.868,39.457,27.852
210.759,127.320,39.457,27.852
212.475,128.772,39.457,27.852
212.343,131.544,39.457,27.852
213.267,134.317,39.457,27.852
214.455,136.561,39.457,27.852
213.267,139.069,39.457,27.852
212.871,141.313,39.457,27.852
212.401,143.009,38.615,27.258
212.014,143.138,38.615,27.258
212.918,143.784,38.615,27.258
213.564,144.172,38.615,27.258
214.727,143.268,38.615,27.258
216.406,143.397,38.615,27.258
217.052,143.526,38.615,27.258
219.248,144.172,38.615,27.258
219.119,143.784,38.615,27.258
221.832,144.947,38.615,27.258
221.961,143.268,38.615,27.258
223.641,143.397,38.615,27.258
225.062,143.268,38.615,27.258
226.999,144.172,38.615,27.258
228.679,145.851,38.615,27.258
230.100,149.339,38.615,27.258
229.454,154.636,38.615,27.258
227.258,163.550,38.615,27.258
222.995,176.857,38.615,27.258
