7.77631092
0.09625602
0.08428741
0.02292466
0.01995182
0.01795435
0.02394152
0.02991509
0.02992797
0.02094507
0.02692461
0.02393937
0.01894331
0.01892757
0.03590345
0.01894951
0.01994896
0.02293873
0.02193117
0.01846814
0.01994562
0.01994920
0.02291608
0.01695919
0.01994014
0.01994681
0.01894951
0.01995397
0.01595783
0.01795101
0.01894403
0.01496196
0.01695275
0.01595497
0.02193308
0.01695251
0.02046061
0.01595640
0.01296210
0.01994538
0.01595640
0.01794958
0.01695418
0.02293682
0.01994586
0.01695466
0.01596332
0.01595855
0.01396179
0.01595569
0.02094221
0.02094698
0.02094078
0.01895022
0.01695418
0.02292585
0.01795268
0.01595807
0.01812220
0.01695800
0.01398063
0.02048779
0.01597047
0.01796961
0.01795316
0.02094555
0.02294326
0.01995182
0.01795268
0.01994324
0.02293897
0.02393699
0.02094102
0.01894879
0.01893759
0.01847029
0.01296425
0.02094221
0.02194905
0.02394581
0.02193832
0.03442574
0.03490305
0.01794124
0.02294111
0.02492666
0.02294207
0.02095890
0.02593350
0.02593207
0.02094603
0.01786804
0.02247262
0.02293992
0.01795077
0.01994443
0.02592683
0.02693033
0.02393532
0.02992105
0.02692890
0.02792501
0.02493382
0.02593756
0.02493191
0.02592611
0.02592635
0.02194285
0.02592111
0.03789592
0.02493262
0.02094054
0.01895213
0.02592969
0.03690147
0.04288340
0.02991271
0.02493453
0.01794863
0.01296282
0.01894522
0.01396298
0.01495552
0.01395631
0.01695395
0.01894331
0.01496196
0.01395845
0.01296473
0.01496792
0.01396084
0.01794982
0.02492118
0.01496434
0.01894832
0.01746559
0.01499367
0.01396108
0.01894903
0.01670527
0.01496053
0.01595783
0.01696420
0.01496673
0.01795578
0.01595592
0.01395988
0.02394342
0.02094102
0.02058721
0.01795292
0.01536870
0.02094245
0.02164602
0.02195024
0.02393365
0.02991557
0.03207731
0.02194428
0.01994205
0.03191614
0.03889275
0.03889585
0.02393484
0.02493477
0.02892470
0.02293754
0.02692604
0.03591275
0.03790236
0.04088950
0.03191495
0.02494097
0.02194262
0.01894355
0.02193785
0.01795030
0.02493382
0.01794934
0.01795483
0.02093458
0.04787397
0.03590298
0.04189181
0.03788805
0.02692842
0.01695085
0.01795316
0.01695609
0.01496029
0.01296902
0.01495862
0.01595569
0.01393151
0.01396489
0.01296592
0.01196933
0.01495767
0.01599264
0.01496124
0.01196814
0.01395965
0.01396513
0.01196885
0.01395369
0.01595497
0.01894879
0.01196694
0.01492643
0.01695442
0.01296496
0.01396441
0.01196766
0.01695156
0.01296782
0.01795983
0.01795173
0.01895070
0.02094603
0.01596141
0.01196694
0.01296353
0.01695538
0.01496005
0.01496172
0.01296782
0.01396227
0.01495886
0.01196885
0.01595807
0.01197124
0.01396251
0.01396132
0.01200247
0.01296759
0.01200223
0.01296520
0.01296568
0.01197004
0.01196718
0.01296592
0.01399422
0.01396322
0.01296592
0.01496577
0.01296377
0.01196837
0.01196504
0.01496124
0.01296496
0.01196909
0.01292896
0.01396227
0.01296878
0.01196718
0.01296830
0.01496172
0.01596427
0.01296592
0.01148772
0.01296234
0.01296639
0.01196814
0.01296282
0.01193666
0.01196766
0.01396251
0.01495552
0.01595736
0.01396465
0.01496077
0.01196837
0.01495481
0.01595950
0.01296520
0.01296663
0.01296616
0.01196814
0.01296616
0.01495957
0.01296735
0.01296425
0.01495934
0.01495743
0.01296592
0.01296496
0.01296520
0.01396155
0.01296568
0.01193500
0.01395607
0.01496434
0.01595736
0.01396251
0.01296210
0.01595855
0.01296449
0.01293468
0.01496124
0.01196885
0.01196885
0.01396441
0.01595855
0.01247907
0.01296711
0.01296663
0.01396537
0.01296473
0.01396084
0.01296353
0.01695681
0.01396155
0.01296473
0.01396203
0.01496077
0.01495981
0.01495743
0.01595473
0.01296401
0.01380062
0.01495862
0.01695633
0.01695871
0.01496077
0.01396155
0.01496148
0.01435709
0.01296592
0.01396322
0.01620364
0.01396203
0.01296520
0.01446819
0.01695228
0.01495910
0.01596069
0.01296544
0.01496053
0.01496077
0.01496363
0.01296520
0.01498961
0.01393795
0.01496077
0.01396489
0.01296544
0.01396084
0.01596022
0.01496172
0.01295996
0.01296425
0.01595783
0.01496029
0.01296425
0.01396036
0.01695848
0.01795530
0.01495981
0.01495957
0.01396227
0.01296759
0.01396537
0.01392961
0.01496005
0.01296616
0.01461029
0.01396155
0.01695514
0.01595640
0.01396489
0.01695466
0.01595521
0.01598501
0.01396441
0.01496053
0.01894903
0.01596022
0.01657295
0.01652312
0.01795936
0.01496315
0.01471066
0.01695490
0.01498961
0.01577616
0.01496148
0.01695466
0.01296568
0.01792407
0.01794839
0.01493120
0.01396370
0.01296306
0.01496124
0.01347423
0.01595616
0.01496005
0.01596069
0.01495981
0.01495957
0.01595736
0.01695418
0.01496220
0.01595736
0.01396132
0.01695037
0.01496363
0.01396108
0.01396060
0.01399350
0.01595831
0.01396203
0.01293421
0.01496172
0.01595688
0.01296568
0.01595449
0.01495910
0.01396298
0.01396370
0.01296425
0.01595879
0.01595950
0.01495981
0.01396227
0.01495576
0.01596117
0.01396465
0.01296639
0.01396155
0.01639748
0.01396275
0.01544237
0.01496005
0.01542687
0.01496172
0.01396155
0.01495814
0.01595569
0.01496029
0.01455617
0.01495814
0.01296687
0.01296592
0.01496053
0.01493120
0.01595688
0.01495886
0.01396298
0.01396132
0.01496053
0.01396418
0.01495910
0.01396275
0.01455545
0.01620364
0.01496267
0.01595569
0.01495934
0.01495957
0.01396275
0.01296544
0.01495981
0.01496077
0.01396251
0.01350880
0.01616454
0.01455474
0.01451421
0.01309943
0.01310229
0.01537371
0.01467800
0.01298594
0.01491952
0.01496148
0.01296639
0.01352310
0.01595879
0.01495981
0.01396322
0.01376176
0.01496005
0.01496220
0.01366568
0.01294327
0.01595902
0.01695609
0.01795197
0.01348710
0.01496029
0.01593089
0.01695442
0.01595855
0.01396203
0.01547503
0.01396394
0.01598716
0.01595545
0.01695347
0.01495290
0.01595831
0.01396155
0.01296902
0.01495910
0.01396465
0.01623726
0.01294994
0.01296473
0.01396489
0.01296449
0.01499009
0.01496053
0.01656270
0.01320314
0.01396346
0.01396298
0.01296473
0.01396251
0.01495934
0.01699185
0.01508260
0.01396179
0.01698112
0.01695585
0.01692295
0.01496172
0.01495886
0.01695728
0.01496053
0.01695275
0.01595402
0.01895380
0.01698279
0.01493216
0.01847053
0.01794982
0.01895142
0.01695585
0.01695156
0.01595783
0.01994491
0.01692843
0.01695585
0.01695418
0.01898003
0.01895022
0.01994562
0.01993895
0.01894617
0.01894951
0.01695371
0.01695561
0.01396251
0.01692557
0.01695442
0.01695418
0.01496005
0.01495934
0.01595688
0.01598907
0.01496172
0.01595759
0.01695490
0.01795244
0.01495934
0.01695371
0.01795268
0.01695609
0.01496148
0.01595664
0.01795125
0.01895881
0.01595736
0.01495934
0.01695609
0.01695418
0.01695466
0.01595855
0.01595354
0.01495981
0.01496983
0.01447225
0.01495647
0.01695490
0.01648331
0.01396298
0.01399064
0.01595664
0.01695514
0.01496148
0.01395893
0.01595998
0.01396322
0.01396322
0.01395774
0.01698446
0.01595688
0.01595140
0.01595759
0.01396179
0.01695299
0.01296449
0.01396275
0.01495957
0.01496053
0.01595783
0.01296496
0.01495385
0.01296473
0.01595807
0.01296496
0.01296520
0.01396227
0.01496410
0.01396251
0.01393270
0.01396465
0.01547360
0.01396370
0.01296425
0.01695442
0.01396465
0.01495790
0.01296520
0.01495957
0.01496482
0.01593876
0.01495934
0.01496029
0.01595831
0.01554751
0.01396322
0.01495671
0.01695418
0.01393390
0.01499104
0.01590943
0.01595950
0.01496005
0.01396227
0.01793337
0.01595283
0.01598907
0.01296568
0.01296473
0.01592755
0.01595783
0.01396275
0.01795125
0.01395631
0.01496077
0.01396370
0.01296592
0.01296759
0.01496077
0.01399112
0.01296926
0.01296592
0.01795220
0.01495814
0.01396084
0.01495957
0.01592350
0.01396465
0.01296282
0.01396370
0.01396203
0.01296329
0.01396322
0.01295900
0.01396513
0.01396275
0.01296592
0.01393342
0.01496100
0.01496148
0.01250339
0.01396227
0.01496410
0.01296544
0.01396179
0.01292968
0.01393175
0.01196861
0.01296496
0.01396012
0.01496124
0.01296711
0.01496124
0.01347232
0.01396346
0.01396251
0.01449633
0.01296306
0.01392961
0.01595569
0.01596093
0.01393342
0.01292849
0.01595831
0.01595688
0.01296377
0.01795292
0.01595712
0.01396346
0.01495814
0.01595783
0.01496315
0.01492834
0.01296449
0.01592994
0.01396132
0.01396370
0.01296401
0.01595640
0.01396251
0.01396441
0.01396179
0.01296544
0.01396084
0.01595807
0.01296544
0.01296544
0.01599169
