0.01196623
0.01695061
0.01293468
0.01496100
0.01496577
0.01496053
0.01296496
0.01495934
0.01396227
0.01495934
0.01346302
0.01299143
0.01393437
0.01296592
0.01396251
0.01296496
0.01695180
0.01795578
0.01492882
0.01591945
0.01396561
0.01595592
0.01598501
0.01296639
0.01296496
0.01299620
0.01396155
0.01396346
0.01296544
0.01496291
0.01496482
0.01396227
0.01296449
0.01397443
0.01196480
0.01599121
0.01499557
0.01695681
0.01595736
0.01496005
0.01396537
0.01595664
0.01496959
0.01496291
0.01595616
0.01396370
0.01196671
0.01295996
0.01695585
0.01296663
0.01598740
0.01499081
0.01795101
0.01396608
0.01395893
0.01354694
0.01596045
0.01297855
0.01295972
0.01396251
0.01597095
0.01296473
0.01396132
0.01296520
0.01196575
0.01396275
0.01097155
0.01296854
0.01296830
0.01196647
0.01097107
0.01395845
0.01296496
0.01396298
0.01296544
0.01196718
0.01396275
0.01396227
0.01296997
0.01097059
0.01196790
0.01196837
0.01196837
0.01097035
0.01296353
0.01396275
0.01296639
0.01096749
0.01296687
0.01296663
0.01296639
0.01097012
0.01296258
0.01495957
0.01396823
0.01296735
0.01396012
0.01296878
0.01396585
0.01396132
0.01199412
0.01492834
0.01400304
0.01196957
0.01300144
0.01097107
0.01193762
0.01196814
0.01296592
0.01097107
0.01296687
0.01296616
0.01196885
0.01096916
0.01196694
0.01396370
0.01197124
0.01097107
0.01197362
0.01196790
0.01296520
0.01196671
0.01296568
0.01396346
0.01196742
0.01196885
0.01496124
0.01495862
0.01396275
0.01496124
0.01299238
0.01495910
0.01499629
0.01396346
0.01296616
0.01396275
0.01496100
0.01396370
0.01396108
0.01496077
0.01596022
0.01496100
