0.01994586
0.01595712
0.01894784
0.01296568
0.01395965
0.01296520
0.01396108
0.01569533
0.01396060
0.01496315
0.01396251
0.01595736
0.01495147
0.01596117
0.01393414
0.01399183
0.01891518
0.01546454
0.01495957
0.01595950
0.01495266
0.01695585
0.01496601
0.01396275
0.01496100
0.01596069
0.01595807
0.01393461
0.01595879
0.01592517
0.01595926
0.01495934
0.01396394
0.01496005
0.01496172
0.01396203
0.01595569
0.01495767
0.01598716
0.01496077
0.01396203
0.01695538
0.01695681
0.01495981
0.01595736
0.01694989
0.01595736
0.01495886
0.01396418
0.01595449
0.01596045
0.01496387
0.01396251
0.01396203
0.01595736
0.01592493
0.01296902
0.01299977
0.01496220
0.01695585
0.01296592
0.01495886
0.01596236
0.01496410
0.01495886
0.01496100
0.01692533
0.01492500
0.01393080
0.01495838
0.01695919
0.01397181
0.01595855
0.01395893
0.01496100
0.01496315
0.01398587
0.01496100
0.01595449
0.01496172
0.01396298
0.01396537
0.01296473
0.01396370
0.01396275
0.01296568
0.01495576
0.01396346
0.01396275
0.01196647
0.01396203
0.01393080
0.01399517
0.01296520
0.01495743
0.01396465
0.01495934
0.01396322
0.01296639
