0.01994729
0.02194095
0.01595998
0.01397038
0.01396394
0.01595640
0.01396060
0.01496434
0.01296449
0.01196647
0.01396680
0.01396489
0.01396275
0.01396251
0.01196599
0.01495957
0.01496005
0.01296568
0.01196599
0.01196480
0.01496315
0.01396608
0.01196599
0.01495981
0.01396155
0.01396251
0.01196718
0.01296496
0.01496100
0.01496339
0.01396537
0.01296520
0.01296473
0.01496506
0.01296520
0.01296544
0.01293373
0.01495934
0.01296544
0.01595545
0.01496029
0.01296616
0.01196980
0.01496196
0.01596069
0.01196861
0.01296306
0.01595712
0.01595998
0.01496196
0.01396227
0.01296520
0.01554942
0.01296401
0.01196790
0.01395869
0.01396346
0.01296568
0.01296687
0.01299381
0.01595712
0.01396298
0.01296949
0.01396108
0.01395869
0.01299787
0.01396441
0.01396370
0.01393318
0.01396537
0.01396275
0.01296329
0.01496100
0.01396346
0.01296687
0.01396251
0.01299763
0.01396346
0.01396155
0.01399374
0.01299500
0.01296020
0.01352882
0.01396394
0.01196766
0.01399398
0.01496601
0.01495981
0.01296592
0.01196694
0.01495934
0.01396322
0.01193833
0.01296401
0.01493073
0.01296377
0.01296997
0.01299334
0.01296139
0.01396298
0.01295757
0.01595712
0.01396418
0.01293612
0.01196885
0.01396036
0.01499248
0.01497841
0.01393199
0.01196671
0.01396608
0.01396132
0.01296329
0.01496100
0.01297307
0.01445603
0.01496077
0.01265478
0.01495838
0.01496124
0.01396441
0.01296425
0.01395297
0.01396084
0.01245260
0.01399422
0.01396132
0.01398873
0.01196790
0.01296520
0.01496482
0.01296496
0.01399446
0.01395559
0.01495910
0.01400805
0.01296186
0.01296353
0.01795506
0.01396418
0.01300025
0.01396251
0.01296043
0.01496029
0.01396203
0.01296449
0.01596141
0.01496172
0.01293278
0.01396108
0.01499224
0.01695347
0.01496100
0.01193261
0.01193500
0.01695657
0.01595902
0.01296425
0.01396179
0.01396465
0.01695704
0.01296496
0.01396155
0.01495814
0.01595879
0.01396275
0.01196313
0.01296210
0.01396251
0.01300144
0.01296520
0.01196933
0.01595783
0.01296592
0.01296568
0.01395988
0.01194072
0.01296949
0.01296687
0.01296926
0.01396322
0.01196861
0.01595402
0.01296663
0.01495910
0.01396227
0.01496053
0.01196957
0.01695323
0.01396322
0.01196694
0.01438570
0.01296449
0.01296353
0.01496005
0.01296639
0.01396441
0.01395965
0.01396632
0.01396346
0.01196742
0.01296329
0.01495957
0.01396227
0.01396346
0.01396275
0.01695538
0.01495934
0.01496267
0.01396489
0.01595807
0.01695538
0.01396394
0.01296401
0.01395559
0.01596594
0.01496029
0.01296186
0.01495981
0.01396370
0.01396441
0.01296401
0.01595187
0.01495886
0.01396275
0.01496124
0.01296353
0.01696253
0.01397061
0.01296711
0.01395941
0.01592183
0.01399422
0.01396322
0.01396132
0.01293254
0.01296592
0.01495624
0.01492953
0.01496100
0.01299429
0.01296568
0.01491070
0.01393819
0.01296663
0.01196718
0.01496124
0.01495838
0.01496220
0.01293182
0.01396394
0.01299262
0.01496005
0.01296449
0.01196861
0.01296520
0.01498842
0.01396227
0.01296782
0.01393008
0.01296067
0.01299953
0.01196909
0.01292777
0.01396346
0.01296449
0.01296663
0.01296520
0.01596045
0.01396179
0.01396251
0.01296639
0.01296258
0.01396132
0.01496029
0.01293635
0.01495910
0.01495862
0.01496267
0.01496339
0.01296544
0.01296759
0.01199865
0.01296234
0.01393104
0.01396632
0.01296711
0.01396203
0.01496100
0.01592565
0.01296473
0.01595783
0.01496053
0.01595807
0.01393008
0.01395965
0.01595569
0.01795244
0.01595783
0.01396322
0.01395893
0.01296449
0.01396322
0.01296663
0.01396203
0.01296663
0.01396275
0.01496124
0.01296473
0.01495433
0.01595950
0.01296616
0.01395392
0.01196671
0.01496458
0.01399636
0.01296520
0.01595664
0.01396656
0.01293230
0.01592636
0.01393223
0.01296639
0.01348257
0.01193881
0.01296568
0.01547122
0.01595664
0.01296616
0.01296377
0.01196766
0.01396298
0.01296711
0.01396227
0.01296449
0.01395583
0.01496124
0.01196456
0.01396227
0.01396346
0.01396155
0.01496053
0.01296568
0.01396012
0.01396394
0.01396465
0.01196766
0.01296115
0.01396060
0.01396370
0.01293325
0.01296616
0.01496339
0.01396537
0.01296473
0.01495934
0.01296949
0.01495838
0.01196408
0.01396012
0.01293254
0.01296473
0.01596284
0.01396847
0.01296544
0.01595616
0.01396036
0.01496053
0.01396275
0.01296306
0.01393151
0.01296544
0.01296592
0.01296473
0.01596212
0.01199698
0.01495934
0.01395965
0.01296735
0.01396394
0.01396203
0.01296353
0.01299572
0.01496077
0.01393747
0.01196742
0.01396251
0.01496100
0.01496077
0.01296616
0.01196980
0.01496077
0.01396418
0.01296663
0.01196575
0.01396251
0.01296496
0.01296425
0.01396203
0.01296878
0.01396322
0.01293516
0.01596069
0.01496315
0.01396298
0.01296544
0.01495862
0.01391697
