0.01196623
0.01396179
0.01495957
0.01595855
0.02354646
0.02493429
0.02493429
0.02692819
0.01396298
0.01296544
0.01296401
0.01495504
0.01496196
0.01396346
0.01196766
0.01296639
0.01496410
0.01296592
0.01196742
0.01296711
0.01396298
0.01495981
0.01296520
0.01496029
0.01595759
0.01695728
0.01396298
0.01396132
0.01396275
0.01396585
0.01397061
0.01296592
0.01595736
0.01595998
0.01396394
0.01199102
0.01595640
0.01495934
0.01495743
0.01296520
0.01296568
0.01196671
0.01292968
0.01297021
0.01492643
0.01595712
0.01496196
0.01296496
0.01196957
0.01695299
0.01496053
0.01595449
0.01595521
0.01795220
0.01895428
0.01695395
0.01447773
0.01396203
0.01396346
0.01994467
0.01595736
0.01447916
0.01196718
0.01296711
0.01433086
0.01495886
0.01595449
0.01396298
0.01492786
0.01396322
0.01496100
0.01495838
0.01595807
0.01296711
0.01396322
0.01396298
0.01595950
0.01396179
0.01396036
0.01495767
0.01695824
0.01595259
0.01595831
0.01496339
0.01596093
0.01396513
0.01296544
0.01495981
0.01695776
0.01592922
0.01492953
0.01496196
0.01595783
0.01595759
0.01495862
0.01396203
0.01595783
0.01596093
0.01396203
0.01396322
0.01496029
0.01596117
0.01496053
0.01296520
0.01496053
0.01694894
0.01496243
0.01292992
0.01296043
0.01496100
0.01399493
0.01495981
0.01396441
0.01496100
0.01595855
0.01396632
0.01552725
0.01595831
0.01296544
0.01496148
0.01496220
0.01595736
0.01595664
0.01495934
0.01492572
0.01595688
0.01592898
0.01495981
0.01296568
0.01795459
0.01697540
0.01695442
0.01496434
0.01396060
0.01396251
0.01296568
0.01495910
0.01599264
0.01596713
0.01596045
0.01496387
0.01396155
0.01695418
0.01396346
0.01496029
0.01595306
0.01496053
0.01495981
0.01496339
0.01615787
0.01795650
0.01595688
0.01496577
0.01296473
0.01395822
0.01635742
0.01596022
0.01396346
0.01389623
0.01396418
0.01392746
0.01396275
0.01396227
0.01396251
0.01396227
0.01296496
0.01496220
0.01296496
0.01296830
0.01296496
0.01296544
0.01383352
0.01296520
0.01496005
0.01942325
0.01495957
0.01595688
0.01894712
0.01595592
0.01695681
0.01595759
0.01596594
0.01496100
0.01595712
0.01695514
0.01396275
0.01399732
0.01496077
0.01695967
0.01396275
0.01496029
0.01594806
0.01595998
0.01493168
0.01396322
0.01396227
0.01396251
0.01496124
0.01392794
0.01595473
0.01596212
0.01396275
0.02094269
0.01492906
0.01396227
0.01395011
0.01596236
0.01496267
0.01695299
0.01595807
0.01293540
0.01599312
0.01407623
0.01395988
0.01594305
0.01994538
0.01595926
0.01598787
0.01395845
0.01396036
0.01595592
0.01299644
0.01595855
0.01296759
0.01396203
0.01496267
0.01396275
0.01296473
0.01496029
0.01492953
0.01695609
0.01595926
0.01496029
0.01496220
0.01495957
0.01595736
0.01396322
0.01396251
0.01495910
0.01396561
0.01396251
0.01495981
0.01592612
0.01695681
0.01595640
0.01296616
0.01392913
0.01496005
0.01595831
0.01393056
0.01396203
0.01595068
0.01496029
0.01393127
0.01396036
0.01695895
0.01595998
0.01396251
0.01293755
0.01595449
0.01595855
0.01596570
0.01296616
0.01396179
0.01598859
0.01396251
0.01396203
0.01396322
0.01296902
0.01396370
0.01296711
0.01296520
0.01296830
0.01592588
0.01499009
0.01296353
0.01295853
0.01399255
0.01396322
0.01396251
0.01296806
0.01396489
0.01599097
0.01395583
0.01396227
0.01498437
0.01695037
0.01496053
0.01296592
0.01296568
0.01496100
0.01595759
0.01296568
0.01364231
0.01595592
0.01596665
0.01396179
0.01495671
0.01595616
0.01695848
0.01498747
0.01395893
0.01595807
0.01595521
0.01595640
0.01396179
0.01595640
0.01496005
0.01396370
0.01395702
0.01495934
0.01595831
0.01496625
0.01396322
0.01396275
0.01396298
0.01392365
0.01592779
0.01396847
0.01297045
0.01392937
0.01591778
0.01496005
0.01393628
0.01393294
0.01393318
0.01631570
0.01392961
0.01390266
0.01396513
0.01594996
0.01396322
0.01296830
0.01496100
0.01595974
0.01596022
0.01493049
0.01598573
0.01495862
0.01595855
0.01396346
0.01396298
0.01595569
0.01396608
0.01495910
0.01396513
0.01396155
0.01595640
0.01696968
0.01496005
0.01399302
0.01495981
0.01396298
0.01495981
0.01495981
0.01595759
0.01695824
0.01396227
0.01353216
0.01595759
0.01595902
0.01396251
0.01396108
0.01595449
0.01595664
0.01396370
0.01496077
0.01393199
0.01595402
0.01695728
0.01496339
0.01368427
0.01495886
0.01596117
0.01512074
0.01496005
0.01695514
0.01994658
0.01595640
0.01396227
0.01695442
0.01546931
0.01496124
0.01599264
0.01795197
0.01894712
0.01592541
0.01396418
0.01695609
0.01895833
0.01994729
0.01994562
0.01496220
0.01795268
0.01396179
0.01595712
0.01393151
0.01396322
0.01396275
0.01496029
0.01396275
0.01595473
0.01496363
0.01296496
0.01396036
0.01396370
0.01296592
0.01399374
0.01396322
0.01496053
0.01695800
0.01595831
0.01296520
0.01496100
0.01592660
0.01496196
0.01296520
0.01395965
0.01496172
0.01296377
0.01296663
0.01492929
0.01555681
0.01595688
0.01396275
0.01396084
0.01595592
0.01296544
0.01396227
0.01595736
0.01595759
0.01596069
0.01412487
0.01296520
0.01396775
0.01496434
0.01492834
0.01396012
0.01592684
0.01296496
0.01496172
0.01396322
0.01396036
0.01595783
0.01595783
0.01396227
0.01595306
0.01795244
0.01695752
0.01496029
0.01396203
0.01595616
0.01596117
0.01296425
0.01296043
0.01498890
0.01396179
0.01399469
0.01496077
0.01496196
0.01496172
0.01498938
0.01399255
0.01296496
0.01396251
0.01496005
0.01396370
0.01396155
0.01496339
0.01496100
0.01296592
0.01408100
0.01299429
0.01296353
0.01296520
0.01495671
0.01595855
0.01596022
0.01496220
0.01396132
0.01595879
0.01595640
0.01396537
0.01392460
0.01598644
0.01496220
0.01296473
0.01396203
0.01495934
0.01595855
0.01296520
0.01496029
0.01496077
0.01595545
0.01495910
0.01599503
0.01494837
0.01695728
0.01595664
0.01495981
0.01396203
0.01595545
0.01595998
0.01397252
0.01295853
0.01393104
0.01492596
0.01595926
0.01396561
0.01298690
0.01496267
0.01496053
0.01296306
0.01298976
0.01396251
0.01299810
0.01296401
0.01399088
0.01495886
0.01496053
0.01299667
0.01595831
0.01598573
0.01696277
0.01396036
0.01492858
0.01293302
0.01596069
0.01595688
0.01293492
0.01795387
0.01698780
0.01695752
0.01496601
0.01396251
0.01595736
0.01495671
0.01496053
0.01695347
0.01596308
0.01395941
0.01395988
0.01296544
0.01396370
0.01296616
0.01299691
0.01396036
0.01695418
0.01595926
0.01496029
0.01296520
0.01296425
0.01296473
0.01393414
0.01296520
0.01396227
0.01396418
0.01496053
0.01296735
0.01396275
0.01395559
0.01595831
0.01296687
0.01292801
0.01596022
0.01296830
0.01296806
0.01392603
0.01495981
0.01499534
0.01296473
0.01652145
0.01496220
0.01296425
0.01296377
0.01292849
0.01396251
0.01396441
0.01296592
0.01296401
0.01396251
0.01496053
0.01496172
0.01393270
0.01417637
0.01592875
0.01595926
0.01353288
0.01465869
0.01396537
0.01297021
0.01396394
0.01595569
0.01396227
0.01393127
0.01495814
0.01496005
0.01495910
0.01495337
0.01595759
0.01695395
0.01496577
0.01396394
0.01396084
0.01396585
0.01396251
0.01495957
0.01396203
0.01299715
0.01682496
0.01296663
0.01396132
0.01695466
0.01596045
0.01396322
0.01296401
0.01499248
0.01497293
0.01422501
0.01496100
0.01498747
0.01695538
0.01396155
0.01296449
0.01595807
0.01595569
0.01296425
0.01495862
0.01495957
0.01592541
0.01496172
0.01296544
0.01296663
0.01496077
0.01695633
0.01496100
0.01395297
0.01506472
0.01595831
0.01396418
0.01296616
0.01495814
0.01496029
0.01496196
0.01296520
0.01495862
0.01582575
0.01496124
0.01296282
0.01396251
0.01495719
0.01595902
0.01496124
0.01296520
0.01496148
0.01499224
0.01496267
0.01296377
0.01396227
0.01496172
0.01296616
0.01396155
0.01396465
0.01396155
0.01495934
0.01396275
0.01396036
0.01396513
0.01396108
0.01495957
0.01296544
0.01296711
0.01596284
0.01296592
0.01296234
0.01499581
0.01596451
0.01598883
0.01396275
0.01495886
0.01300573
0.01396298
0.01595330
0.02891850
0.01496100
0.01692224
0.01395822
0.01495981
0.01596665
0.01396012
0.01495862
0.01595950
0.01695490
0.01396275
0.01595712
0.01495981
0.01768970
0.01396036
0.01695275
0.01297188
0.01794147
0.01795602
0.01894760
0.01595807
0.01393151
0.03490829
0.02194095
0.01695371
0.01496077
0.01495838
0.01792312
0.02394652
0.01796007
0.01994824
0.01695442
0.01795244
0.01894855
0.01895094
0.02094579
0.01794481
0.01595879
0.01895070
0.02294564
0.01496005
0.01595736
0.01296210
0.01595902
0.01396489
0.01396346
0.01396298
0.01495647
0.01595688
0.01496124
0.01296425
0.01495743
0.01595783
0.01396108
0.01396036
0.01396298
0.01296496
0.01496196
0.01396346
