0.01795101
0.01496005
0.01495910
0.01895165
0.01296711
0.01695395
0.01496196
0.01296663
0.01396251
0.01296878
0.01296997
0.01496220
0.01396227
0.01495862
0.01495957
0.01399088
0.01396132
0.01396227
0.01595688
0.01396322
0.01296473
0.01396155
0.01495671
0.01695585
0.01396561
0.01396728
0.01196623
0.01495647
0.01296520
0.01196885
0.01396132
0.01596045
0.01596189
0.01296473
0.01296186
0.01395941
0.01495886
0.01296473
0.01293349
0.01441097
0.01795530
0.01496077
0.01594710
0.01596022
0.01894808
0.01396513
0.01595831
0.01296520
0.01396298
0.01595855
0.01496220
0.01496124
0.01396322
0.01395965
0.01496220
0.01695418
0.01595831
0.01296020
0.01296496
0.01396179
0.01296329
0.01495051
0.01495600
0.01595688
0.01396251
0.01296425
0.01396108
0.01496339
0.01496053
0.01396203
0.01396322
0.01695538
0.01495790
0.01396132
0.01794863
0.01695466
0.01695657
0.01396203
0.01296687
0.01496029
0.01296568
0.01396322
0.01695275
0.01795340
0.01695657
0.01495218
0.01544714
0.01595974
0.01396155
0.01495910
0.01595688
0.01695752
0.01795268
0.01592875
0.01496005
0.01496100
0.01695633
0.01592708
0.01495981
0.01591945
0.01695490
0.01496005
0.01495838
0.01695538
0.01592731
0.01595759
0.01296473
0.01296139
0.01695633
0.01296663
0.01396203
0.01396155
0.01293087
0.01695824
0.01495910
0.01396608
0.01396251
0.01595783
0.01396251
0.01396251
0.01495981
0.01495957
0.01446986
0.01395988
0.01595902
0.01499677
0.01396251
0.01296568
0.01595783
0.01595831
0.01496029
0.01396298
0.01794934
0.01695418
0.01496029
0.01396227
0.01699257
0.01596522
0.01595807
0.01396322
0.01492572
0.01496029
0.01595879
0.01395845
0.01598859
0.01947618
0.01795220
0.02094364
0.01698613
0.01595569
0.01396179
0.01795149
0.01795220
0.01693463
0.01595736
0.01595688
0.01994896
0.01894808
0.01795125
0.01795340
0.01495624
0.01596189
0.01396585
0.01495910
0.01894760
0.01795220
0.01495934
0.01496148
0.01396275
0.01592469
0.01598167
0.01695585
0.01695514
0.01595759
0.01894879
0.01795006
0.01994896
0.02792621
0.02992010
0.03291273
0.02692246
0.02397561
0.01396155
0.01495790
0.01674414
0.01296616
0.01396298
0.01447153
0.01595807
0.01496029
0.01296639
0.01595688
0.01595569
0.01595879
0.01196694
0.01496029
0.01196837
0.01396298
0.01296520
0.01296449
0.01396275
0.01595807
0.01396799
0.01200032
0.01295686
0.01396418
0.01396227
0.01296496
0.01196647
0.01296878
0.01396227
0.01296616
0.01396298
0.01496196
0.01296473
0.01296043
0.01495910
0.01196790
0.01196885
0.01196551
0.01495457
0.01695514
0.01296473
0.01296711
0.01394987
0.01396489
0.01296759
0.01196718
0.01396132
0.01296878
0.01196814
0.01196575
0.01296592
0.01296616
0.01295757
0.01296592
0.01196766
0.01200175
0.01296449
0.01295447
0.01496124
0.01498961
0.01296425
0.01795149
0.01696348
0.01392913
0.01595664
0.01396370
0.01296592
0.01592755
0.01599050
0.01694942
0.01695466
0.01791883
0.01592660
0.01894712
0.01495957
0.01399279
0.01792407
0.01396275
0.01495886
0.01496053
0.01695418
0.01396370
0.01296687
0.01792479
0.01595807
0.01296496
0.01396465
0.01495934
0.01695848
0.01495981
0.01496053
0.01393318
0.01495099
0.01596045
0.01596022
0.01293302
0.01496148
0.01592588
0.01496029
0.01396251
0.01396322
0.01595783
0.01596093
0.01496220
0.01395559
0.01525569
0.01495934
0.01395726
0.01396298
0.01595473
0.01496196
0.01396394
0.01495957
0.01795125
0.01595855
0.01396155
0.01495647
0.01695299
0.01994896
0.01894927
0.01695633
0.01592684
0.01595426
0.01595330
0.01795554
0.01496172
0.01498222
0.01595640
0.01592135
0.01495814
0.01395941
0.01496363
0.01898193
0.01396394
0.01498914
0.01496148
0.01698542
0.01595712
0.01694965
0.01496029
0.01296639
0.01495981
0.01695371
0.01695728
0.01698661
0.01495910
0.01784587
0.01695514
0.01396585
0.01496029
0.01595354
0.01496315
0.01495624
0.01495099
0.01595712
0.01897860
0.01546669
0.01496243
0.01595736
0.01496315
0.01396275
0.01596022
0.01595211
0.01396108
0.01496029
0.01495934
0.01695561
0.01795173
0.01496172
0.01496029
0.01594806
0.01592469
0.01496100
0.01294637
0.01495957
0.01496053
0.01695585
0.01296639
0.01496005
0.01695442
0.01592636
0.01396179
0.01396155
0.01595640
0.01695824
0.01396537
0.01495934
0.01493144
0.01795602
0.01396060
0.01493812
0.01595616
0.01795197
0.01595736
0.01393008
0.01451182
0.01595950
0.01695275
0.01495957
0.01404285
0.01595592
0.01614428
0.01396441
0.01595807
0.01595902
0.01553178
0.01396394
0.01496029
0.01496100
0.01695585
0.01496339
0.01595402
0.01895142
0.01795435
0.01396179
0.01296568
0.01496100
0.01696229
0.01441503
0.01396108
0.01695371
0.01448059
0.01595712
0.01496148
0.01595616
0.01695848
0.01396203
0.01496005
0.01499009
0.01695395
0.01695466
0.01396465
0.01592350
0.01692343
0.01393032
0.01496124
0.01595449
0.01691556
0.01595974
0.01496124
0.01392674
0.01396155
0.01362944
0.01496005
0.01695395
0.01598525
0.01396108
0.01595664
0.01695633
0.03091598
0.01695561
0.01492810
0.01594996
0.01595688
0.01596284
0.01396227
0.01296091
0.01396227
0.01695848
0.01439571
0.01495743
0.01592112
0.01495934
0.01593375
0.01495957
0.01695633
0.01498628
0.01496196
0.01396251
0.01700425
0.01695466
0.01698637
0.01595807
0.01695204
0.01794028
0.01637363
0.01795173
0.01744986
0.01424909
0.01795149
0.01792383
0.01595592
0.01695418
0.01695752
0.01595926
0.01698589
0.01695395
0.01795340
0.01692200
0.01595521
0.01595759
0.01795006
0.01496029
0.01695466
0.01695919
0.01695323
0.01695800
0.01595759
0.01496124
0.02393270
0.02493262
0.02692914
0.02592897
0.02593756
0.01695442
0.01698709
0.01499701
0.01296353
0.01595545
0.01548243
0.01293278
