0.01595759
0.01595640
0.01695609
0.01695704
0.01595759
0.01795363
0.01695514
0.01795220
0.02093649
0.02193618
0.01795316
0.01991677
0.01894999
0.02196503
0.01994371
0.01997709
0.01946187
0.01696444
0.01595497
0.01795268
0.01695538
0.01695418
0.01592207
0.01792169
0.01595616
0.02094269
0.01795006
0.01496172
0.02992058
0.02992034
0.03294420
0.02793193
0.02194214
0.01496077
0.01499414
0.02094388
0.01496029
0.01694989
0.01595807
0.01492548
0.01695323
0.01539469
0.01695514
0.01595783
0.01595569
0.01396012
0.01695704
0.01396227
0.01495957
0.01496005
0.01496100
0.01695991
0.01396298
0.01396203
0.01592636
0.01595712
0.01499271
0.01648474
0.01595736
0.01495981
0.01595759
0.01496005
0.01894903
0.01599193
0.01414084
0.01695085
0.01595688
0.01595736
0.01396155
0.01695442
0.01592231
0.01595569
0.01495957
0.01894999
0.01496196
0.01495910
0.01495957
0.01596427
0.01396275
0.01396108
0.01496220
0.01595855
0.01496387
0.01396370
0.01791310
0.01695704
0.01396275
0.01396203
0.01496220
0.01598835
0.01698494
0.01695323
0.01595712
0.01994896
0.01595998
0.01895094
0.01994634
0.01994848
0.01795411
0.01892090
0.01994896
0.01894808
0.01595521
0.02097201
0.01894760
0.01595640
0.01899290
0.01595807
0.01595497
0.01592374
0.01894855
0.01495886
0.01595759
0.01595283
0.01795530
0.01695490
0.01495647
0.01595974
0.01695514
0.01495910
0.01496029
0.01695538
0.01595783
0.01794767
0.01595640
0.01695442
0.01496196
0.01496172
0.01894855
0.01794386
0.01595688
0.01894855
0.01695251
0.01595664
0.01694608
0.01550055
0.01695657
0.01592731
0.01695251
0.01495337
0.01795053
0.01695442
0.01495886
0.01592755
0.01695490
0.01695561
0.01496029
0.01492786
0.01595521
0.01798463
0.01496100
0.01450777
0.01695299
0.01695514
0.01695728
0.01891804
0.01894927
0.01607561
0.01596117
0.01495957
0.01495981
0.01795435
0.01695490
0.01496124
0.01496053
0.01695514
0.01795125
0.01795459
0.01496148
0.01492786
0.01695609
0.01698422
0.01595831
0.01795149
0.01495981
0.01795268
0.01496267
0.01495814
0.01692748
0.01695371
0.01560688
0.01396370
0.01695371
0.01695514
0.01396513
0.01496077
0.01595211
0.01595759
0.01495934
0.01496029
0.01453543
0.01595807
0.01596022
0.01496053
0.01595688
0.01595807
0.01496148
0.01595640
0.01396108
0.01695418
0.01795387
0.01592445
0.01492810
0.01592708
0.01795149
0.01795483
0.01452708
0.01894546
0.01792073
0.01934385
0.01795268
0.01595759
0.01504207
0.01495957
0.01595831
0.01595759
0.01396251
0.01894355
0.01895094
0.01695585
0.01795030
0.01895237
0.01495981
0.01495910
0.01495886
0.01495886
0.01795316
0.01698852
0.01495981
0.01795220
0.01894999
0.01895237
0.01595783
0.01595473
0.01595712
0.01695538
0.01595807
0.01595569
0.01894951
0.01695299
0.01792097
0.01695514
0.01795244
0.01652575
0.01994967
0.01796246
0.02194190
0.01998043
0.01995277
0.02194071
0.01695538
0.01894951
0.02493238
0.03291345
0.03286743
0.02892494
0.02845144
0.01595592
0.01396108
0.01911497
0.02094746
0.01795173
0.01396227
0.01396060
0.01891971
0.01695228
0.01894999
0.01895046
0.01993775
0.01595759
0.01396251
0.01396084
0.01894569
0.01396298
0.01695371
0.01495934
0.01595807
0.01994681
0.01696944
0.01396394
0.01595283
0.01695490
0.01396322
0.01495957
0.01496100
0.01403666
0.01795173
0.01596022
0.01424408
0.01399016
0.01698422
0.01795268
0.01595950
0.01496267
0.01793146
0.01595736
0.01695657
0.01396275
0.01396346
0.01794910
0.01596212
0.01387405
0.01595521
0.01894951
0.01495337
0.01595688
0.01296663
0.01396990
0.01595688
0.01695371
0.01998234
0.01795650
0.01595736
0.01695728
0.02593136
0.02972627
0.02493358
0.02593064
0.02792215
0.02393603
0.02792311
0.02992105
0.03092551
0.02392960
0.02493191
0.03091836
0.02393913
0.02692270
0.02493119
0.02670693
0.01994276
0.01994562
0.01495981
0.01795220
0.01695466
0.01695395
0.01496077
0.02094316
0.02992320
0.02393556
0.01595640
0.02094340
0.02793670
0.03590417
0.03136468
0.02991962
0.02792740
0.01296616
0.01794386
0.01496196
0.01494408
0.01894927
0.01596785
0.01396704
0.01495957
0.01595616
0.01396465
0.01495981
0.01396275
0.01695466
0.01695490
0.01895118
0.02494073
0.01795149
0.01994419
0.01895118
0.02194357
0.01994610
0.02094126
0.02194166
0.02094650
0.02393842
0.03144455
0.02692699
0.02294064
0.02393603
0.02493620
0.02094531
0.02293730
0.03391099
