0.01296544
0.01495838
0.01696086
0.01495981
0.01496673
0.02494121
0.02394319
0.02593064
0.02293897
0.02692151
0.01097393
0.01196623
0.01196527
0.01153421
0.01296520
0.01097059
0.01296401
0.01299739
0.01296687
0.01097274
0.01094103
0.01296473
0.00997210
0.01298833
0.01296759
0.01196909
0.01196241
0.01097202
0.01097417
0.01196790
0.01196980
0.01196766
0.01296735
0.01196980
0.01093745
0.01492500
0.01295972
0.01495957
0.01100302
0.01595163
0.01196837
0.01396370
0.01096988
0.01196790
0.01496196
0.01191664
0.01296806
0.01296473
0.01200652
0.01296949
0.01296806
0.01197052
0.01100612
0.01295662
0.01097250
0.01094222
0.01196694
0.01099634
0.01396179
0.01296568
0.01097012
0.01217198
0.01396394
0.01201034
0.01097202
0.01096821
0.01200175
0.01396561
0.01296782
0.01396203
0.01499176
0.01496100
0.01297045
0.01196599
0.01196241
0.01396585
0.01196718
0.01296282
0.01399112
0.01395988
0.01296663
0.01299858
0.01396418
0.01396275
0.01296663
0.01296496
0.01495647
0.01396537
0.01495910
0.01396370
0.01395965
0.01496148
0.01495957
0.01196694
0.01296592
0.01495934
0.01393604
0.01298761
0.01496005
0.01196742
0.01299644
0.01396298
0.01695251
0.01396871
0.01393008
0.01299548
0.01395226
0.01456046
0.01494241
0.01495886
0.01293468
0.01396084
0.01499605
0.01499152
0.01293039
0.01695704
0.01495910
0.01396418
0.01293945
0.01196790
0.01310849
0.01595736
0.01296473
0.01196861
0.01296401
0.01495934
0.01496005
0.01296520
0.01395893
0.01496005
0.01296520
0.01296592
0.01296520
0.01296568
0.01495624
0.01396155
0.01496315
0.01721334
0.01396298
0.01296425
0.01595855
0.01495910
0.01396155
0.01495743
0.01396132
0.01595736
0.01396251
0.01296639
0.01396394
0.01495981
0.01596045
0.01595759
0.01296139
0.01495862
0.01496434
0.01495934
0.01296687
0.01396060
0.01496243
0.01296711
0.01396227
0.01296544
0.01396370
0.01496053
0.01407146
0.01395464
0.01395822
0.01496267
0.01296592
0.01262069
0.01595783
0.01496029
0.01496053
0.01299548
0.01393318
0.01595855
0.01396632
0.01348472
0.01496005
0.01297188
0.01297116
0.01254654
0.01296639
0.01496196
0.01396370
0.01396608
0.01317286
0.01489472
0.01396251
0.01396441
0.01224780
0.01396298
0.01595855
0.01296568
0.01296687
0.01396084
0.01536226
0.01396203
0.01296544
0.01395941
0.01397014
0.01296544
0.01396394
0.01296616
0.01398301
0.01396084
0.01495695
0.01296473
0.01296639
0.01496267
0.01296496
0.01296639
0.01396346
0.01597857
0.01595855
0.01495886
0.01296496
0.01395750
0.01396346
0.01296258
0.01396251
0.01296687
0.01396441
0.01396155
0.01296735
0.01395750
0.01396251
0.01296639
0.01395893
0.01299620
0.01496482
0.01296616
0.01381040
0.01396251
0.01396394
0.01396275
0.01296425
0.01595378
0.01496053
0.01297021
0.01296306
0.01299572
0.01547575
0.01296425
0.01495862
0.01295853
0.01496649
0.01296616
0.01396418
0.01296520
0.01396203
0.01296759
0.01347208
0.01396036
0.01595926
0.01296520
0.01296425
0.01495934
0.01296496
0.01495910
0.01296544
0.01399350
0.01310182
0.01396585
0.01496291
0.01296496
0.01396346
0.01296592
0.01396179
0.01695657
0.01396656
0.01296401
0.01295638
0.01430249
0.01296544
0.01495790
0.01396227
0.01496005
0.01296568
0.01396203
0.01296735
0.01396203
0.01595950
0.01296639
0.01395679
0.01499748
0.01396322
0.01296473
0.01496148
0.01495838
0.01496220
0.01296473
0.01495385
0.01495957
0.01595783
0.01496148
0.01396418
0.01496005
0.02094626
0.01296735
0.01396894
0.01595616
0.01296997
0.01495647
0.01396132
0.01595449
0.01794982
0.01795053
0.01396060
0.01296663
0.01496291
0.01794910
0.01595831
0.01496220
0.01595902
0.01595759
0.01496029
0.01396489
0.01447034
0.01595902
0.01596189
0.01545000
0.01296735
0.01495838
0.01595759
0.01396489
0.01496029
0.01495790
0.01296258
0.01495981
0.01296520
0.01496029
0.01499486
0.01396227
0.01396441
0.01395845
0.01496243
0.01296735
0.01396465
0.01296473
0.01595807
0.01598883
0.01295829
0.01393485
0.01396227
0.01396275
0.01296544
0.01396585
0.01395917
0.01496243
0.01595807
0.01296687
0.01296639
0.01595640
0.01496077
0.01396441
0.01296711
