0.00997472
0.01296449
0.01296401
0.01396632
0.01196837
0.01196766
0.01196504
0.01396680
0.01396275
0.01196742
0.01296592
0.01296806
0.01197076
0.01296592
0.01295495
0.01296306
0.01396608
0.01247835
0.01196766
0.01296639
0.01396275
0.01199794
0.01196742
0.01196289
0.01396275
0.01296520
0.01396370
0.01395488
0.01496172
0.01396847
0.01396370
0.01199770
0.01495552
0.01395941
0.01396370
0.01196861
0.01296759
0.01296592
0.01200032
0.01196551
0.01595855
0.01496267
0.01396251
0.01196551
0.01393080
0.01496053
0.01399517
0.01296568
0.01396179
0.01695538
0.01376629
0.01399350
0.01495862
0.01595783
0.01495981
0.01296687
0.01395893
0.01396322
0.01496220
0.01299930
0.01296306
0.01396132
0.01496053
0.01396751
0.01495075
0.01393223
0.01496172
0.01495981
0.01296401
0.01196694
0.01293564
0.01293015
0.01393080
0.01393151
0.01496267
0.01296425
0.01396060
0.01495886
0.01493073
0.01396132
0.01296234
0.01496553
0.01396275
0.01395988
0.01495838
0.01795149
0.01496100
0.01396084
0.01496196
0.01695442
0.01496029
0.01795578
0.01595688
0.01396298
0.01396322
0.01511836
0.01595807
0.01396322
0.01396108
0.01396537
0.01595616
0.01299548
0.01396441
0.01392722
0.01599240
0.01593137
0.01396513
0.01293540
0.01496506
0.01496077
0.01296735
0.01296663
0.01296782
0.01596117
0.01396847
0.01396346
0.01496172
0.01496410
0.01296687
0.01396298
0.01496029
0.01595616
0.01396251
0.01495957
0.01695371
0.01593065
0.01396489
0.01496172
0.01296616
0.01496243
0.01596141
0.01695561
0.01296449
0.01596045
0.01595712
0.01795840
0.01496053
0.01296687
0.01496243
0.01396275
0.01396084
0.01795506
0.01596069
0.01396322
0.01396132
0.01396418
0.01595855
0.01296496
0.01396298
0.01496077
0.01595831
0.01495957
0.01296520
0.01396155
0.01495934
0.01296377
0.01396418
0.01495910
0.01496124
0.01894760
0.01595950
0.01396203
0.01596022
0.01299834
0.01396251
0.01396155
0.01596141
0.01495981
0.01296639
0.01495934
0.01496220
0.01496172
0.01296496
0.01391935
0.01396203
0.01296949
0.01293302
0.01396155
0.01492977
0.01695347
0.01592445
0.01396251
0.01393032
0.01596284
0.01496363
0.01296353
0.01396251
0.01396155
0.01495838
0.01695585
0.01498771
0.01599455
0.01396132
0.01300097
0.01595521
0.01296473
0.01396418
0.01296329
0.01397419
0.01499152
0.01347518
0.01293588
0.01399326
0.01587510
0.01495862
0.01396227
0.01377296
0.01595759
0.01296544
0.01296282
0.01396084
0.01492000
0.01396537
0.01296186
0.01396275
0.01495719
0.01558304
0.01396322
0.01495886
0.01396298
0.01595759
0.01396227
0.01396179
0.01296377
0.01396251
0.01496029
0.01396418
0.01395965
0.01495600
0.01495862
0.01296592
0.01594400
0.01396227
0.01396108
0.01495957
0.01496053
0.01495624
0.01495814
0.01495695
0.01396132
0.01795793
0.01496983
0.01496077
0.01595974
0.01396418
0.01495790
0.01496577
0.01396489
0.01396227
0.01459599
0.01695609
0.01595592
0.01385617
0.01393318
0.01396465
0.01397252
0.01296973
0.01196766
0.01496029
0.01495862
0.01396322
0.01396132
0.01296163
0.01595879
0.01396227
0.01298976
0.01396322
0.01296973
0.01747251
0.01495767
0.01286769
0.01647449
0.01299620
0.01396203
0.01595783
0.01493478
0.01495957
0.01695728
0.01596069
0.01296878
0.01495981
0.01595640
0.01396799
0.01695752
0.01495957
0.01495886
0.01695299
0.01596022
0.01396441
0.01595688
0.01595759
0.01695418
0.01499271
0.01595783
0.01894927
0.01495934
0.01296473
0.01795268
0.01396251
0.01695418
0.01595831
0.01496053
0.01795173
0.01695561
0.01495838
0.01396418
0.01495910
0.01496029
0.01396155
0.01396203
0.01596069
0.01396203
0.01364017
0.01595664
0.01595521
0.01595879
0.01296186
0.01396275
0.01496053
0.01393461
0.01296496
0.01396322
0.01596069
0.01496124
0.01495957
0.01396298
0.01595736
0.01296496
0.01396179
0.01399207
0.01396203
0.01695752
0.01396298
0.01396394
0.01496267
0.01296568
0.01396060
0.01396585
0.01495957
0.01296401
0.01495767
0.01595807
0.01692557
0.01399326
0.01396298
0.01496029
0.01399517
0.01396346
0.01296353
0.01396418
0.01695633
0.01596165
0.01495934
0.01296306
0.01495981
0.01396346
0.01296496
0.01296401
0.01296139
0.01595855
0.01296616
0.01396489
0.01495862
0.01499724
0.01496148
0.01396155
0.01396346
0.01595831
0.01396275
0.01296401
0.01495957
0.01713228
0.01595879
0.01293516
0.01498604
0.01495934
0.01496387
0.01396227
0.01495957
0.01396346
0.01496100
0.01296663
0.01296544
0.01496172
0.01493812
0.01299334
0.01595950
0.01713514
0.01496124
0.01395845
0.01396298
0.01393294
0.01296711
0.01496196
0.01396060
0.01493311
0.01595855
0.01495981
0.01396370
0.01396680
0.01396251
0.01396155
0.01296401
0.01499343
0.01496124
0.01299596
0.01470995
0.01296115
0.01396537
0.01396537
0.01396179
0.01496005
0.01396298
0.01393318
0.01396251
0.01492143
0.01591182
0.01498961
0.01692581
0.01950359
0.01592588
0.01692533
0.01439428
0.01595998
0.01894975
0.01893878
0.01396561
0.01395822
0.01399159
0.01396203
0.01396346
0.01394749
0.01695347
0.01595712
0.01393032
0.01495671
0.01595426
0.01495934
0.01578856
0.01296592
0.01396298
0.01794982
0.01595807
0.01894999
0.01496148
0.01732373
0.01795435
0.01595664
0.01894975
0.01396465
0.01396298
0.01994658
0.01795006
0.01795602
0.01296306
0.01695371
0.01695561
0.01296616
0.01494312
0.01695561
0.01396346
0.01296520
0.01494908
0.01795316
0.01496363
0.01296473
0.01396322
0.01595736
0.01596189
0.01296520
0.01493025
0.01596045
0.01595688
0.01512599
0.01495910
0.01595974
0.01396275
0.01296520
0.01296544
0.01595736
0.01599383
0.01296639
0.01396203
0.01495647
0.01495934
0.01496005
0.01396346
0.01695299
0.01598668
0.01755118
0.01495862
0.01396275
0.01554680
0.01695514
0.01695752
0.01396680
0.01395941
0.01595378
0.01595879
0.01396251
0.01395917
0.01496077
0.01296616
0.01496196
0.01296520
0.01396251
0.01496315
0.01496196
0.01296473
0.01496005
0.01599216
0.01396132
0.01296663
0.01295996
0.01396298
0.01296425
0.01396227
0.01396227
0.01396537
0.01596642
0.01296806
0.01296425
0.01396346
0.01296544
0.01296258
0.01495934
0.01595807
0.01596045
0.01496458
0.01296473
0.01496005
0.01495934
0.01296568
0.01396298
0.01399374
0.01399326
0.01296568
0.01296520
0.01295924
0.01696038
0.01495910
0.01247573
0.01296520
0.01496100
0.01496267
0.01496673
0.01496172
0.01695418
0.01396298
0.01296520
0.01395941
0.01495981
0.01596737
0.01396298
0.01495981
0.01596117
0.01596236
0.01399517
0.01396585
0.01495934
0.01496100
0.01296544
0.01396251
0.01396275
0.01496053
0.01296639
0.01296139
0.01396203
0.01499295
0.01296687
0.01396251
0.01293278
0.01396275
0.01595759
0.01296496
0.01296425
0.01496315
0.01396513
0.01296520
0.01495957
0.01596928
0.01296639
0.01296687
0.01495838
0.01496077
0.01396251
0.01296544
0.01296115
0.01395774
0.01595950
0.01396108
0.01296520
0.01396346
0.01496339
0.01399899
0.01396203
0.01495981
0.01396275
0.01396275
0.01296353
0.01296544
0.01396823
0.01595640
0.01396489
0.01395941
0.01694989
0.01499486
0.01396298
0.01595736
0.01395917
0.01595521
0.01595783
0.01496077
0.01396155
0.01495934
0.01496124
0.01296282
0.01695371
0.01994634
0.01496005
0.01396227
0.01396418
0.01396489
0.01396322
0.01396179
0.01546454
0.01495934
0.01296473
0.01396489
0.01495838
0.01497364
