0.01296425
0.01296115
0.01495910
0.01396060
0.01396322
0.01595950
0.01496148
0.01495957
0.01492858
0.01695442
0.01695561
0.01695561
0.01396203
0.01396275
0.01694775
0.01498723
0.01496005
0.01595926
0.01795459
0.01699233
0.01695657
0.01496291
0.01695561
0.01595998
0.01495981
0.01695728
0.01495814
0.01595950
0.01598954
0.01396179
0.01795506
0.01695299
0.01497078
0.01695442
0.01499104
0.01595783
0.01396322
0.01695609
0.01698351
0.01495695
0.01595783
0.01396251
0.01396108
0.01493025
0.01595736
0.01396179
0.01595569
0.01496005
0.01695490
0.01595712
0.01496077
0.01496005
0.01795626
0.01595712
0.01461291
0.01595616
0.01894808
0.01795435
0.01795077
0.01695585
0.01595831
0.01495647
0.01595497
0.01695013
0.01695466
0.01495981
0.01695561
0.01396441
0.01721907
0.01595855
0.01695824
0.01595855
0.01595926
0.01492834
0.01495767
0.01695371
0.01496196
0.01396227
0.01595807
0.01795387
0.01695585
0.01595736
0.01596069
0.01695442
0.01498938
0.01496196
0.02096272
0.01496029
0.01795149
0.01895046
0.01795483
0.01639152
0.01396084
0.01994610
0.01891494
0.01895142
0.01595831
0.01994634
0.01794815
0.01994658
0.01994658
0.01894975
0.02991199
0.02792168
0.02991462
0.02992082
0.01396322
0.01296711
0.01396298
0.01492977
0.01392984
0.01496053
0.01695061
0.01496243
0.01495934
0.01296449
0.01296186
0.01495576
0.01496053
0.01293421
0.01396298
0.01561904
0.01595831
0.01420879
0.01196861
0.01336026
0.01495862
0.01595616
0.01296735
0.01450968
0.01595926
0.01396370
0.01296616
0.01296639
0.01694918
0.01495957
0.01396370
0.01296425
0.01595759
0.01196837
0.01296830
0.01186919
0.01296306
0.01496029
0.01496172
0.01396775
0.01189256
0.01576447
0.01492548
0.01288795
0.01296949
0.01296496
0.01296878
0.01296592
0.01296854
0.01210237
0.01197100
0.01296520
0.01248288
0.01495934
0.01496148
0.01396203
0.01296496
0.01396108
0.01795077
0.01798248
0.01695442
0.01396108
0.01595807
0.01595235
0.01496291
0.01296401
0.01396060
0.01495790
0.01393151
0.01396346
0.01396155
0.01698136
0.01595831
0.01596165
0.01396394
0.01695323
0.01795244
0.01396370
0.01299429
0.01592088
0.01396155
0.01595736
0.01396441
0.01596022
0.01496291
0.01495790
0.01598930
0.01495957
0.01396394
0.01496053
0.01695418
0.01695514
0.01499128
0.01592159
0.01496053
0.01695752
0.01894975
0.01396751
0.01695061
0.01698422
0.01695633
0.01396251
0.01498723
0.01797533
0.01396108
0.01498723
0.01396108
0.01698661
0.01596165
0.01396322
0.01396084
0.01594639
0.01396489
0.01396251
0.01695156
0.01496410
0.01492310
0.01293445
0.01392865
0.01595783
0.01296425
0.01296306
0.01797938
0.01595736
0.01599360
0.01396370
0.01595712
0.01495719
0.01595712
0.01595783
0.01396394
0.01396346
0.01595736
0.01635456
0.01393294
0.01495934
0.01838899
0.01795197
0.01695585
0.01394296
0.01396060
0.01495767
0.01632667
0.01495934
0.01299477
0.01672840
0.01595664
0.01692772
0.01599860
0.01695561
0.01595736
0.01399732
0.01495957
0.01496220
0.01872396
0.01994658
0.01795101
0.01396632
0.01795173
0.01695466
0.01496148
0.01296401
0.01396155
0.01496029
0.01496053
0.01396346
0.01495433
0.01595736
0.01496029
0.01695609
0.01296520
0.01595449
0.01296639
0.01296759
0.01296735
0.01495862
0.01695466
0.01396441
0.01399136
0.01795197
0.01595902
0.01496792
0.01495528
0.01396132
0.01695514
0.01496124
0.01499295
0.01894927
0.01554656
0.01595998
0.01495886
0.01699305
0.01499033
0.01795220
0.01792741
0.01592278
0.01396441
0.01595807
0.01296473
0.01296616
0.01496410
0.01595664
0.01296520
0.01396370
0.01393342
0.01496196
0.01296592
0.01351857
0.01296782
0.01496267
0.01318598
0.01396227
0.01395226
0.01398993
0.01495862
0.01196599
0.01296949
0.01396370
0.01496220
0.01293063
0.01395965
0.01296520
0.01396632
0.01396179
0.01299334
0.01495910
0.01499176
0.01296616
0.01396036
0.01499200
0.01296687
0.01296520
0.01396227
0.01396346
0.01496387
0.01296902
0.01595688
0.01496005
0.01396108
0.01296544
0.01495624
0.01396036
0.01296520
0.01395893
0.01396322
0.01295614
0.01596379
0.01396179
0.01296592
0.01595616
0.01595688
0.01596308
0.01396251
0.01395369
0.01396179
0.01299596
0.01296520
0.01296711
0.01595736
0.01495886
0.01495957
0.01299405
0.01695395
0.01396346
0.01296616
0.01296592
0.01399541
0.01555586
0.01495814
0.01396394
0.01595879
0.01592898
0.01695538
0.01496077
0.01296544
0.01396489
0.01399970
0.01274562
0.01396608
0.01499200
0.01495981
0.01496053
0.01296306
0.01495934
0.01496387
0.01492786
0.01296544
0.01396394
0.01393652
0.01396394
0.01498890
0.01396203
0.01396561
0.01597428
0.01393390
0.01595783
0.01399851
0.01299381
0.01293635
0.01296401
0.01396108
0.01695681
0.01695561
0.01399684
0.01492763
0.01736569
0.01496100
0.01293564
0.01406956
0.01595855
0.01698637
0.01546812
0.01592493
0.01496029
0.01396656
0.01293707
0.01296592
0.01296544
0.01396489
0.01595807
0.01496243
0.01396370
0.01397133
0.01296473
0.01396108
0.01296759
0.01396060
0.01296854
0.01296616
0.01196742
0.01495862
0.01496029
0.01396298
0.01396537
0.01296425
0.01595783
0.01296473
0.01296639
0.01495862
0.01496196
0.01546550
0.01396298
0.01296425
0.01496005
0.01496029
0.01296473
0.01296544
0.01495433
0.01396561
0.01496196
0.01196766
0.01595664
0.01496029
0.01496553
0.01296520
0.01296043
0.01299882
0.01496458
0.01296687
0.01396132
0.01296496
0.01496267
0.01396346
0.01296663
0.01296496
0.01495647
0.01396418
0.01496029
0.01396251
0.01595545
0.01495862
0.01396155
0.01396251
0.01498532
0.01595712
0.01396132
0.01396418
0.01495838
0.01499295
0.01296473
0.01496100
0.01396227
0.01595473
0.01498961
0.01496172
0.01695204
0.01495743
0.01396251
0.01296782
0.01498652
0.01495862
0.01595902
0.01347423
0.01396155
0.01496029
0.01495957
0.01296449
0.01396275
0.01398730
0.01493907
0.01296663
0.01296496
0.01396084
0.01595449
0.01396275
0.01281166
0.01495838
0.01595545
0.01296616
0.01296592
0.01296854
0.01295590
0.01496124
0.01196647
0.01293564
0.01296544
0.01496243
0.01499152
0.01396775
0.01396251
0.01396084
0.01296592
0.01396465
0.01595736
0.01695561
0.01595831
0.01496029
0.01395941
0.01396465
0.01495957
0.01496053
0.01396322
0.01495743
0.01595902
0.01496077
0.01396084
0.01595736
0.01695395
0.01695514
0.01396012
0.01695609
0.01598787
0.01595736
0.01495886
0.01495600
0.01695514
0.01595831
0.01496005
0.01695108
0.01695442
0.01695538
0.01496005
0.01595330
0.01695561
0.01795745
0.01595879
0.01496005
0.01595354
0.01995206
0.01795244
0.01994777
0.01695943
0.01695561
0.01595545
0.01894879
0.02493620
0.01894021
0.01894808
0.01994729
0.01695251
0.01595759
0.01695418
0.01695609
0.02193880
0.02394009
0.01692581
0.01593018
0.01994491
0.01894808
