0.01195884
0.01993823
0.01868939
0.01892948
0.01695371
0.01694965
0.01795483
0.01695371
0.01497650
0.01695442
0.01695728
0.01963949
0.01595783
0.01595545
0.02045417
0.01795197
0.01795411
0.01746607
0.01695323
0.01695275
0.01795506
0.01595783
0.01894903
0.01595759
0.01994514
0.01595688
0.01794863
0.02094293
0.01695514
0.01595807
0.01795197
0.01795411
0.01595879
0.01595449
0.01994634
0.01698422
0.01994777
0.01695442
0.01794958
0.01795244
0.01994705
0.01894617
0.01795220
0.01595712
0.01695490
0.02792501
0.02894902
0.02592969
0.03490758
0.01894832
0.01595449
0.02094388
0.01894736
0.01595473
0.01994586
0.01894999
0.01994705
0.01894832
0.01595807
0.01795197
0.01894903
0.01894903
0.01795363
0.01994944
0.01695371
0.01695704
0.01994729
0.01994753
0.01495957
0.02393675
0.01993895
0.01994801
0.01994681
0.01595569
0.02194309
0.01595926
0.01694918
0.01595426
0.01595759
0.01499796
0.01795316
0.01997757
0.02094555
0.01994729
0.01895308
0.02193785
0.01894784
0.02386570
0.01778984
0.02093625
0.02248096
0.02094412
0.01795554
0.01692367
0.01495838
0.02094412
0.02294040
0.01695490
0.01895261
0.02294588
0.02393341
0.02194428
0.02393484
0.02493358
0.02892017
0.02393794
0.02293754
0.02692699
0.02592945
0.02693200
0.02193189
0.03989410
0.03091741
0.04088783
0.03091717
0.02094507
0.01894665
0.01894665
0.01995420
0.01695514
0.01495981
0.01994681
0.01991940
0.01695347
0.01894593
0.01695442
0.01795244
0.01695728
0.01493049
0.01795888
0.01894951
0.01495934
0.02045798
0.01994514
0.01496148
0.01495814
0.01848984
0.01495934
0.01736474
0.01795197
0.01764035
0.01595902
0.01396251
0.01595616
0.01596212
0.01396418
0.01495695
0.01894712
0.01396227
0.01496005
0.01595831
0.02094746
0.01696897
0.01595902
0.01792026
0.01495695
0.02094269
0.02194262
0.02193975
0.02093911
0.02194285
0.01595855
0.01598835
0.01748443
0.01891279
0.01798701
0.01795888
0.01695585
0.01595569
0.01794744
0.01795506
0.01795816
0.01595640
0.01994658
0.01795030
0.01695466
0.01894855
0.01573944
0.01595569
0.01894927
0.01895022
0.01795435
0.01595902
0.01646423
0.01794887
0.01692462
0.01946545
0.01695585
0.01695347
0.01595807
0.02097368
0.01798010
0.01595712
0.02194309
0.02792311
0.02792525
0.03091431
0.02792454
0.02493978
0.01496124
0.01498795
0.01491284
0.01696277
0.01696277
0.01496243
0.01798248
0.01791191
0.01794696
0.01496315
0.01696348
0.01399612
0.01795006
0.01894808
0.01897359
0.01893210
0.01595736
0.02094412
0.01795459
0.01791549
0.01753044
0.01595974
0.01994777
0.01596045
0.01595974
0.01496053
0.01547050
0.01994729
0.01695418
0.01795173
0.01795292
0.01492310
0.01595712
0.01695490
0.01496363
0.01492143
0.01694918
0.01496053
0.01595521
0.01695538
0.01396251
0.01592326
0.01994705
0.01492786
0.01695943
0.01495957
0.01795292
0.01894927
0.02094316
0.01595807
0.01695013
0.01994753
0.01891327
0.02094340
0.01695442
0.01994944
0.01895022
0.01695490
0.02393699
0.02393579
0.02194023
0.02792382
0.02892256
0.02692771
0.03091693
0.02792358
0.02125096
0.02194357
0.01991463
0.02592969
0.02592683
0.02045679
0.02292871
0.01894903
0.01895285
0.02094436
0.02592278
0.01695800
0.01995158
0.01994538
0.02094221
0.01994848
0.01794934
0.02293777
0.01795244
0.02193570
0.02194285
0.01695347
0.01795220
0.01495862
0.01695585
0.01496100
0.01495671
0.01794720
0.01595664
0.01396346
0.01795125
0.02294302
0.02692723
0.01894927
0.01895380
0.01595664
0.01994252
0.01794934
0.01894283
0.01994753
0.01680112
0.01795387
0.01499605
0.01795077
0.01795363
0.01695514
0.01695538
0.01695514
0.02094293
0.01997828
0.01795292
0.01694775
0.01495910
0.01595497
0.01795173
0.01894855
0.01995015
0.01798511
0.01695442
0.01894474
0.01695371
0.01994705
0.02094769
0.01894975
0.01695681
0.01695490
0.01794887
0.01895142
0.01795101
