0.01177287
0.01895308
0.01595807
0.01695347
0.01695490
0.01894832
0.01615143
0.01695466
0.01994634
0.01795268
0.01895237
0.01595759
0.01695418
0.01846385
0.01795363
0.01595640
0.01695418
0.01994729
0.01795506
0.01595926
0.01695490
0.01795435
0.01895094
0.01795411
0.01595950
0.02094245
0.01795316
0.01894784
0.01795578
0.01595521
0.01694965
0.01895070
0.01496029
0.01696873
0.01595712
0.01691103
0.01815963
0.01792622
0.01495934
0.01695442
0.01795292
0.01595879
0.01496100
0.01695561
0.01796556
0.01596236
0.01795125
0.01794839
0.01795244
0.01695490
0.01596117
0.01495838
0.01698017
0.01795197
0.01598859
0.01695323
0.01595569
0.01795149
0.01595712
0.01495981
0.01693892
0.01634860
0.01692438
0.01495934
0.01695490
0.01795244
0.01495910
0.01595879
0.01795101
0.01795244
0.01695585
0.01695800
0.01694131
0.01595783
0.01695395
0.01595759
0.01894951
0.01596093
0.01795411
0.01795411
0.01695371
0.01695299
0.01795125
0.01695442
0.01595783
0.01595759
0.01595974
0.01595688
0.01596022
0.01496005
0.01795459
0.01692581
0.01696062
0.01595855
0.01499176
0.01795268
0.01496005
0.01595831
0.01695085
0.01994801
0.01792479
0.01691866
0.01595497
0.01720071
0.01695228
0.01592565
0.01595783
0.01694751
0.01795840
0.01592565
0.01596141
0.01695251
0.01895118
0.01795006
0.01695466
0.01895142
0.01794553
0.01894689
0.01665330
0.02094054
0.02094293
0.01692510
0.01795149
0.01795483
0.01544809
0.01595545
0.01492262
0.01616406
0.01792145
0.01795053
0.01695442
0.01792431
0.01798463
0.01792550
0.01496005
0.01598525
0.01994967
0.01698995
0.01496029
0.01897979
0.01997590
0.01895022
0.01698780
0.01991677
0.02094245
0.01895308
0.01692724
0.01895022
0.01995254
0.01795173
0.01695466
0.01894855
0.01894474
0.01795793
0.01496029
0.01695371
0.01795006
0.01695466
0.01495957
0.01595521
0.01795483
0.01795554
0.01695561
0.01595759
0.01795387
0.01695395
0.01592588
0.01695514
0.01894927
0.01894951
0.01795268
0.01496053
0.01596045
0.01795316
0.01795244
0.01595569
0.01662970
0.01692200
0.01695752
0.01495957
0.01495957
0.01695561
0.01795506
0.01696086
0.01695633
0.01495934
0.01795268
0.01695800
0.01495981
0.01795316
0.01792097
0.01695824
0.01795268
0.01694942
0.01695538
0.01695418
0.01695609
0.01496029
0.01595449
0.01595736
0.01695514
0.01595974
0.01495695
0.01695323
0.01795101
0.01595759
0.01692271
0.01795125
0.01496005
0.01595926
0.01595831
0.01795077
0.01627064
0.01595783
0.01592636
0.01745129
0.01795030
0.01695466
0.01496005
0.01891780
0.01795363
0.01496267
0.01695633
0.01496005
0.01895285
0.01517606
0.01595855
0.01695585
0.01695681
0.01795506
0.01595783
0.01496005
0.01895046
0.01595616
0.01495981
0.01695371
0.01891279
0.01695347
0.01695538
0.01494932
0.01595688
0.01496148
0.01695490
0.01493073
0.01496053
0.01595712
0.01795602
0.01695323
0.01595616
0.01495886
0.01496005
0.01496124
0.01595759
0.01995063
0.01495910
0.01495910
0.01595140
0.01695633
0.01396298
0.01595712
0.01696110
0.01595640
0.01396251
0.01659250
0.01495910
0.01496744
0.01495862
0.01496100
0.01595807
0.01692700
0.01695704
0.01595783
0.01598620
0.01795769
0.01498890
0.01595473
0.01737142
0.01595664
0.01496243
0.01595187
0.01795197
0.01695776
0.01592517
0.01492715
0.01695323
0.01698875
0.01596069
0.01495886
0.01599002
0.01698661
0.01695442
0.01599169
0.01792049
0.01694870
0.01695442
0.01595664
0.01595855
0.01698661
0.01795220
0.01595902
0.01596045
0.01694775
0.01794791
0.01795149
0.01896453
0.01544046
0.01894736
0.01894832
0.01895022
0.01795149
0.01595640
0.01496077
0.01695371
0.01698518
0.01498961
0.01598334
0.01795554
0.01596165
0.01595855
0.01695061
0.01795053
0.01596165
0.01496077
0.01499581
0.01598692
0.01498961
0.01595330
0.01695180
0.01498652
0.01695657
0.01496053
0.01595831
0.01795125
0.01695585
0.01495957
0.01496220
0.01794887
0.01894927
0.01695180
0.01495624
0.01695490
0.01695561
0.01496077
0.01496196
0.01495528
0.01595807
0.01499319
0.01495910
0.01595783
0.01695442
0.01795387
0.01795220
0.01595592
0.01595759
0.01595950
0.01595306
0.01695156
0.01798415
0.01795101
0.01695418
0.01695657
0.01994348
0.01994705
0.01795411
0.01595068
0.01695156
0.01599002
0.01895046
0.01595759
0.01595759
0.01731277
0.01795506
0.01798630
0.01695442
0.01695704
0.01798391
0.01599026
0.01495981
0.01695561
0.02094364
0.01595998
0.01595426
0.01695204
0.01894903
0.01795220
0.01496029
0.01591873
0.01695371
0.01795530
0.01595926
0.01595712
0.01795125
0.01895022
0.01496005
0.01894951
0.01595378
0.01795340
0.01695490
0.01595783
0.01795149
0.01795268
0.01695395
0.01595545
0.01692104
0.01795387
0.01695347
0.01695418
0.01894855
0.01895404
0.01695585
0.01698327
0.01794982
0.01795053
0.01695561
0.01695490
0.01595521
0.02094388
0.01695704
0.01697087
0.01592827
0.01695633
0.01496077
0.01795602
0.01697135
0.01698875
0.01595688
0.01595807
0.01795387
0.01493526
0.01595640
0.01780844
0.01795602
0.01695538
0.01596093
0.01794958
0.01796007
0.01595902
0.01594687
0.01495743
0.01595378
0.01499081
0.01695395
0.01594758
0.01894760
0.01795340
0.01994634
0.01995015
0.01795244
0.01894808
0.01891327
0.02493143
0.02194381
0.02493930
0.02293301
0.01895404
0.01794982
0.01994777
0.02094269
0.01894641
0.01894546
0.01960588
0.01695681
0.01695538
0.02892280
0.02792501
0.02692842
0.02692866
0.02846003
0.01396418
0.01396346
0.01395893
0.01495957
0.01595950
0.01397586
0.01495886
0.01396394
0.01396370
0.01611829
0.01393414
0.01496196
0.01592493
0.01496148
0.01396155
0.01393127
0.01495934
0.01393414
0.01396847
0.01296496
0.01595950
0.01596045
0.01496005
0.01296473
0.01396132
0.01496172
0.01496148
0.01296592
0.01495838
0.01595688
0.01495957
0.01296568
0.01495910
0.01495981
0.01396251
0.01396275
0.01495957
0.01695442
0.01496029
0.01296520
0.01396132
0.01296687
0.01496053
0.01396418
0.01396322
0.01528382
0.01596117
0.01396322
0.01296401
0.01392055
0.01595855
0.01396728
0.01296496
0.01496291
0.01592493
0.01695490
0.01296735
0.01396298
0.01857638
0.01692009
0.01595736
0.01396203
0.01695538
0.01598811
0.01396298
0.01494932
0.01695824
0.01595855
0.01592422
0.01495981
0.01496005
0.01496005
0.01496053
0.01695418
0.01396132
0.01493025
0.01595855
0.01798511
0.01695848
0.01396346
0.01894951
0.01595759
0.01695490
0.01396322
0.01595664
0.01695442
0.01595950
0.01495838
0.01595974
0.01795101
0.01595736
0.01396108
0.01595736
0.01699018
0.01399517
0.01396179
0.01495934
0.01795292
0.01649523
0.01396227
0.01595688
0.01592827
0.01595640
0.01496434
0.01458883
0.01396346
0.01496029
0.01496005
0.01695418
0.01695514
0.01396251
0.01595616
0.01795149
0.01795220
0.01595688
0.01495671
0.01695561
0.01495934
0.01396275
0.01595759
0.01695371
0.01595736
0.01396155
0.01591873
0.01595664
0.01496315
0.01492691
0.01595497
0.01795363
0.01695561
0.01596022
0.01496029
0.01494718
0.01695585
0.01499104
0.01495934
0.01495409
0.01496148
0.01595783
0.01595855
0.01695490
0.01794147
0.01695704
0.01695871
0.01495957
0.01695633
0.01695848
0.01792884
0.01592779
0.01598787
0.01946640
0.01695395
0.01696086
0.01795602
0.01695371
0.01496029
0.01695132
0.01595759
0.01595712
0.01695466
0.01595664
0.01994658
0.01695347
0.01795053
0.01695466
0.01695704
0.01495838
0.01495767
0.01695514
0.01496172
0.01495934
0.01595807
0.01595974
0.01495934
0.01492834
0.01695323
0.01994514
0.01599288
0.01396251
0.01594567
0.01595712
0.01399159
0.01495814
0.01495981
0.01794767
0.01798439
0.01592636
0.01495790
0.01695442
0.01595759
0.01392937
0.01595759
0.01396585
0.01496220
0.01496124
0.01495743
0.01496243
0.01595712
0.01396298
0.01695395
0.01891971
0.01595831
0.01396275
0.01595688
0.01396298
0.01496267
0.01496387
0.01396394
0.01595759
0.01498938
0.01495767
0.01595688
0.01492953
0.01695609
0.01528907
0.01396275
0.01595449
0.01695776
0.01695871
0.01396179
0.01595688
0.01695538
0.01595926
0.01496005
0.01595616
0.01595736
0.01595592
0.01495957
0.01595616
0.01495814
