0.00997186
0.01396441
0.01296782
0.01299262
0.01296568
0.01496005
0.01396513
0.01396251
0.01296568
0.01396394
0.01595879
0.01399159
0.01296401
0.01296496
0.01396251
0.01296568
0.01495361
0.01496243
0.01496363
0.01396132
0.01296592
0.01396179
0.01496410
0.01396298
0.01296592
0.01396179
0.01396418
0.01496077
0.01296449
0.01396251
0.01595640
0.01492715
0.01296544
0.01296449
0.01396585
0.01496100
0.01296878
0.01296830
0.01495957
0.01598930
0.01495934
0.01296473
0.01396251
0.01595759
0.01496124
0.01296520
0.01396132
0.01396108
0.01396322
0.01247644
0.01396418
0.01496029
0.01347256
0.01296401
0.01396441
0.01296544
0.01495910
0.01296473
0.01296282
0.01495934
0.01496220
0.01496053
0.01296401
0.01399446
0.01496959
0.01396322
0.01296377
0.01396561
0.01499128
0.01396346
0.01595712
0.01396227
0.01595807
0.01695538
0.01495886
0.01496315
0.01795125
0.01894927
0.01396418
0.01795173
0.01495934
0.01795435
0.01695371
0.01595616
0.01495552
0.01994777
0.01496220
0.01694703
0.01795149
0.02194142
0.01495957
0.01296639
0.01296306
0.01399708
0.01501131
0.01595831
0.01396465
0.01347423
0.01499486
0.01592898
0.01296496
0.01296496
0.01296282
0.01399255
0.01396179
0.01296425
0.01296282
0.01599455
0.01396132
0.01399446
0.01499224
0.01295590
0.01599097
0.01296568
0.01396203
0.01296496
0.01495934
0.01595926
0.01293278
0.01399016
0.01395869
0.01396251
0.01299453
0.01296473
0.01396084
0.01495862
0.01496005
0.01296592
0.01398563
0.01695609
0.01497078
0.01299953
0.01396227
0.01565671
0.01299691
0.01296520
0.01296425
0.01596069
0.01396346
0.01496124
0.01396418
0.01396298
0.01496172
0.01199841
0.01296401
0.01296306
0.01496053
0.01399207
0.01296639
0.01498151
0.01396179
0.01496196
0.01300025
0.01296449
0.01296592
0.01496172
0.01296163
0.01296115
0.01496053
0.01396370
0.01396346
0.01196766
0.01296425
0.01396632
0.01396179
0.01495886
0.01396251
0.01499534
0.01396298
0.01196671
0.01296544
0.01396179
0.01396441
0.01296544
0.01495910
0.01496220
0.01496530
0.01296568
0.01296687
0.01396370
0.01396203
0.01296449
0.01396298
0.01296830
0.01196790
0.01506805
0.01296496
0.01595807
0.01625872
0.01499152
0.01396370
0.01496053
0.01495886
0.01296687
0.01396275
0.01492572
0.01399517
0.01493073
0.01296449
0.01399803
0.01499248
0.01574254
0.01396322
0.01296520
0.01496029
0.01496077
0.01296568
0.01396322
0.01293421
0.01396132
0.01396441
0.01495957
0.01296663
0.01396227
0.01349545
0.01396251
0.01395941
0.01383972
0.01495934
0.01296425
0.01595783
0.01496267
0.01396155
0.01296687
0.01398635
0.01300025
0.01496077
0.01396060
0.01595473
0.01598144
0.01495910
0.01495814
0.01396465
0.01393032
0.01595855
0.01396227
0.01499033
0.01495361
0.01695657
0.01498961
0.01396132
0.01795149
0.01696229
0.01495957
0.01296520
0.01296902
0.01695609
0.01595879
0.01367617
0.01598549
0.01599312
0.01596212
0.01396537
0.01396251
0.01595807
0.01396322
0.01396155
0.01396227
0.01594949
0.01296663
0.01599169
0.01296306
0.01395750
0.01396203
0.01396203
0.01396394
0.01399994
0.01496172
0.01495886
0.01396608
0.01296568
0.01498604
0.01396346
0.01296425
0.01496172
0.01296520
0.01496029
0.01396227
0.01296639
0.01396585
0.01495886
0.01595616
0.01299334
0.01595688
0.01495910
0.01396060
0.01296496
0.01296735
0.01496196
0.01299500
0.01396441
0.01396084
0.01496005
