0.00997329
0.01894927
0.02593231
0.02593279
0.02693081
0.03091955
0.01296425
0.01196766
0.01296592
0.01399207
0.01097131
0.01096988
0.01196694
0.01099992
0.01097083
0.01097155
0.01097012
0.01396370
0.01296544
0.01097035
0.01296282
0.01396585
0.01107645
0.01097131
0.01097059
0.01296568
0.01097250
0.01097035
0.01096964
0.01296711
0.01296520
0.01096988
0.01200128
0.01296520
0.01296544
0.01053786
0.01196933
0.01094007
0.01196909
0.01097155
0.01196861
0.01296639
0.01196694
0.01097226
0.01096845
0.01097059
0.01396227
0.01196718
0.01097202
0.01196623
0.01296520
0.01196980
0.01097178
0.01395226
0.01297069
0.01097083
0.01196694
0.01097274
0.01094151
0.01196814
0.01096940
0.01196671
0.01296210
0.01397562
0.01296592
0.01296568
0.01496077
0.01595759
0.01196861
0.01196790
0.01393032
0.01299882
0.01396275
0.01297140
0.01296854
0.01396227
0.01496148
0.01196790
0.01296568
0.01396155
0.01396227
0.01296496
0.01196218
0.01396394
0.01396346
0.01296425
0.01296353
0.01496196
0.01296639
0.01496053
0.01296592
0.01396275
0.01700163
0.01296544
0.01296449
0.01595664
0.01496100
0.01573157
0.01296616
0.01396394
0.01496196
0.01296544
0.01496005
0.01396132
0.01595831
0.01595783
0.01396608
0.01395988
0.01592851
0.01595950
0.01296616
0.01296592
0.01396275
0.01596236
0.01296592
0.01296377
0.01495862
0.01695657
0.01296473
0.01296449
0.01396799
0.01595545
0.01795149
0.01396179
0.01496005
0.01692629
0.01595712
0.01695395
0.01496005
0.01496124
0.01396203
0.01496077
0.01354098
0.01296473
0.01296496
0.01396561
0.01395845
0.01595831
0.01396251
0.01296759
0.01296687
0.01595950
0.01496005
0.01396179
0.01296282
0.01396608
0.01296473
0.01296401
0.01592398
0.01396251
0.01495886
0.01396465
0.01595426
0.01595855
0.01495934
0.01396108
0.01396108
0.01396394
0.01695514
0.01393199
0.01299453
0.01496172
0.01695418
0.01496291
0.01350355
0.01396751
0.01598859
0.01496100
0.01296425
0.01396060
0.01396418
0.01496196
0.01354384
0.01595712
0.01496029
0.01396322
0.01296735
0.01496077
0.01595783
0.01396251
0.01296544
0.01396298
0.01496315
0.01396680
0.01396227
0.01396132
0.01695609
0.01396489
0.01196933
0.01296496
0.01496053
0.01496053
0.01396322
0.01196575
0.01495051
0.01595879
0.01296711
0.01296544
0.01296568
0.01496458
0.01296473
0.01296520
0.01396036
0.01496220
0.01296687
0.01393533
0.01296639
0.01296401
0.01396513
0.01296496
0.01396394
0.01496029
0.01595879
0.01396298
0.01300168
0.01396227
0.01564693
0.01196766
0.01396203
0.01296759
0.01595807
0.01496077
0.01396251
0.01296496
0.01599169
0.01495957
0.01296711
0.01495981
0.01496005
0.01521230
0.01496029
0.01595664
0.01395869
0.01496029
0.01393461
0.01396251
0.01495981
0.01695442
0.01396179
0.01592183
0.01492667
0.01695490
0.01795244
0.01396370
0.01495719
0.01894975
0.01595855
0.01496029
0.01498961
0.01795411
0.01396441
0.01592493
0.01694989
0.01592922
0.01695395
0.01496029
0.01492977
0.01695466
0.01846361
0.01493096
0.01598811
0.01745772
0.01895070
0.02091622
0.01795411
0.01788759
0.01595855
0.01695323
0.01695490
0.02593279
0.02992392
0.02892256
0.02892423
0.02593040
0.01496243
0.01941919
0.01396370
0.01894760
0.01495790
0.01694536
0.01795220
0.01396489
0.01296496
0.01496077
0.01595783
0.01496124
0.01396608
0.01495910
0.01595569
0.01496339
0.01393199
0.01296449
0.01595712
0.01495934
0.01296687
0.01395988
0.01695514
0.01596379
0.01496124
0.01396298
0.01595807
0.01396441
0.01396418
0.01396370
0.01396346
0.01295829
0.01496005
0.01369023
0.01795197
0.01495934
0.01497054
0.01396203
0.01495790
0.01396275
0.01495910
0.01396084
0.01396155
0.01595736
0.01595926
0.01695585
0.01795292
0.01396275
0.01393270
0.01496100
0.01496220
0.01399374
0.01396465
0.01595879
0.01595688
0.01496172
0.01698780
0.01695395
0.01495934
0.01695704
0.01795244
0.01695418
0.01796031
0.01695490
0.01496005
0.01495934
0.01798248
0.01495719
0.01791787
0.01692009
0.01495934
0.01695371
0.01695514
0.01695633
0.01496029
0.01595831
