0.01097012
0.02792311
0.02892303
0.02593040
0.02792621
0.01595926
0.01695848
0.01396227
0.01492906
0.01496029
0.01695395
0.01399541
0.01496220
0.01595688
0.01595831
0.01396370
0.01393032
0.01296377
0.01595807
0.01492786
0.01296496
0.01394391
0.01395750
0.01396799
0.01296520
0.01296353
0.01493382
0.01396179
0.01495981
0.01196885
0.01595712
0.01595783
0.01196885
0.01495671
0.01296592
0.01695514
0.01296926
0.01196694
0.01296186
0.01196742
0.01296425
0.01296401
0.01196885
0.01296639
0.01196814
0.01396513
0.01196909
0.01196861
0.01296329
0.01296735
0.01296639
0.01193404
0.01396704
0.01196909
0.01396155
0.01396132
0.01595640
0.01493073
0.01695752
0.01698589
0.01795006
0.01792121
0.01495886
0.01495981
0.01592684
0.01892161
0.01695871
0.01595616
0.01649117
0.01695228
0.01695418
0.01794934
0.01595759
0.02293897
0.01915908
0.01694536
0.01496053
0.01695490
0.01592541
0.01695561
0.01495957
0.01495886
0.01496053
0.01596141
0.02493501
0.01695466
0.01495862
0.01795316
0.01795268
0.01695085
0.01896906
0.01994777
0.01795387
0.01595664
0.02091408
0.01795101
0.01495934
0.01592803
0.01592135
0.01695371
0.01795173
0.01495957
0.01894784
0.01695514
0.01493049
0.01695371
0.01695442
0.01799035
0.01496077
0.01495790
0.01695442
0.01595807
0.01595902
0.01495981
0.01895118
0.01795292
0.01495910
0.01595426
0.01595640
0.01795244
0.01695657
0.01496053
0.01495886
0.01495767
0.01496077
0.01396298
0.01495600
0.01595330
0.01396680
0.01496148
0.01396370
0.01595664
0.01495790
0.01296639
0.01296496
0.01395845
0.01496243
0.01396394
0.01296544
0.01495910
0.01495981
0.01695752
0.01496005
0.01496029
0.01595688
0.01795459
0.01496172
0.01595759
0.01495695
0.01546526
0.01695704
0.01496077
0.01698661
0.01695609
0.01595688
0.01495743
0.01495886
0.01695538
0.01496077
0.01595831
0.01792121
0.01894999
0.01697731
0.01595592
0.01595640
0.01695681
0.01695633
0.01496029
0.01692080
0.01646733
0.01695251
0.01499343
0.01547551
0.01695347
0.01695728
0.01595688
0.01495647
0.01496100
0.01396275
0.01496005
0.01396298
0.01492929
0.01495981
0.01596093
0.01396132
0.01495957
0.01595736
0.01396179
0.01396227
0.01396036
0.01496267
0.01595974
0.01495981
0.01296544
0.01595807
0.01595736
0.01396227
0.01695299
0.01496100
0.01496196
0.01495624
0.01496005
0.01595879
0.01595974
0.01595783
0.01495862
0.01595736
0.01795506
0.01599121
0.01595736
0.01695323
0.01547837
0.01596165
0.01692343
0.01895070
0.01695728
0.01695418
0.01595831
0.01695466
0.02293658
0.01595807
0.01695490
0.01595712
0.01795030
0.01795411
0.01895022
0.01994753
0.01790643
0.01695061
0.01792240
0.01681900
0.01595640
0.01695466
0.01895046
0.01695251
0.01592755
0.01592517
0.01695538
0.01595759
0.01595759
0.01592493
0.01496029
0.01795435
0.01496172
0.01695395
0.01895189
0.01595759
0.01495957
0.01595664
0.01695371
0.01695561
0.01695466
0.01392961
0.01695418
0.01795363
0.01495957
0.01495576
0.01695991
0.01696086
0.01496077
0.01495981
0.01795268
0.01692104
0.01592779
0.01695323
0.01496172
0.01755977
0.01496100
0.01592970
0.01595402
0.01795220
0.01595902
0.01695633
0.01496172
0.01595831
0.01595807
0.01555419
0.01691794
0.01695395
0.01595640
0.01595783
0.01495957
0.01795197
0.01596022
0.01795411
0.01499414
0.01496029
0.01396370
0.01496220
0.01396251
0.01296520
0.01396322
0.01496029
0.01296639
0.01496077
0.01396513
0.01296449
0.01395988
0.01396322
0.01396203
0.01496029
0.01396322
0.01492810
0.01496530
0.01499343
0.01396251
0.01498914
0.01395965
0.01396775
0.01296616
0.01396370
0.01296568
0.01356554
0.01495934
0.01492882
0.01396322
0.01492906
0.01496482
0.01498890
0.01296544
0.01399493
0.01499057
0.01296568
0.01299310
0.01595759
0.01496196
0.01496029
0.01296449
0.01300359
0.01396060
0.01296568
0.01596045
0.01619220
0.01595616
0.01498747
0.01695490
0.01399517
0.01599717
0.01495647
0.01496077
0.01495910
0.01496100
0.01494169
0.01695561
0.01496053
0.01496005
0.01692343
0.01895118
0.01695871
0.01695371
0.01695585
0.01496029
0.01595998
0.01699018
0.01595688
0.01794815
0.01695395
0.01695538
0.01595950
0.01595736
0.01695395
0.01595926
0.01595712
0.01695418
0.01795244
0.01695466
0.01496029
0.01695538
0.01795053
0.01695681
0.01495814
0.01646543
0.01695395
0.01894808
0.01696062
0.01495910
0.01695442
0.01975393
0.01795483
0.01895237
0.01698732
0.01798153
0.02092385
0.01644158
0.01695251
0.01695538
0.01945686
0.01695228
0.01894951
0.01792264
0.01795292
0.01795483
0.01994634
0.01994658
0.01695538
0.01795220
0.01994419
0.01595926
0.01598811
0.01595712
0.01791334
0.01496053
0.01595664
0.01596022
0.01695657
0.01598978
0.01795292
0.01495719
0.01795387
0.01595712
0.01498866
0.01595545
0.01795077
0.01695347
0.01795125
0.01496267
0.01695609
0.01694679
0.01595998
0.01795697
0.01795292
0.01792026
0.02211761
0.02094245
0.01898026
0.01894689
0.01791859
0.01692247
0.01795292
0.01598668
0.01698208
0.01592565
0.01595831
0.01595736
0.01496005
0.01595426
0.02944303
0.02892303
0.02592897
0.02692652
0.02493572
0.01496172
0.01399398
0.01495981
0.01396251
0.01396179
0.01293445
0.01396608
0.01693106
0.01595998
0.01495981
0.01296592
0.01595592
0.01496100
0.01296496
0.01495814
0.01595521
0.01496148
0.01296473
0.01396251
0.01299429
0.01396155
0.01396346
0.01296711
0.01296496
0.01396251
0.01299548
0.02058530
0.01697135
0.01294947
0.01495957
0.01595879
0.01592541
0.01299644
0.01492667
0.01396298
0.01396728
0.01396298
0.01396441
0.01396227
0.01695371
0.01498747
0.01393318
0.01495290
0.01299334
0.01399469
0.01698685
0.01695371
0.01396346
0.01396251
0.01500010
0.01694250
0.01595736
0.01597166
0.01299953
0.01396418
0.01595998
0.01595783
0.01495934
0.01393294
0.01695657
0.01792121
0.01595449
0.01495790
0.01496005
0.01695704
0.01595807
0.01393318
0.01894999
0.01593018
0.01596308
0.01595426
0.01592374
0.01795268
0.01795506
0.01695442
0.01495361
0.01595569
0.01496148
0.01496029
0.01595831
0.01598907
0.01795268
0.01595759
0.01592493
0.01690340
0.01795268
0.01795220
0.01412320
0.01695466
0.01795292
0.01499128
0.01596260
0.01795220
0.01798272
0.01695442
0.01496220
0.01994634
0.01496005
0.01794147
0.01595879
0.01496196
0.01695609
0.01596045
0.01693511
0.01795363
0.01791978
0.01496029
0.01994610
0.01695633
0.01595807
0.01496363
0.01592422
0.01795292
0.01695395
0.01496148
0.01695704
0.01795197
0.01795626
0.01496029
0.01595783
0.01601005
0.01894927
0.01713419
0.01695538
0.01695156
0.01894927
0.01695609
0.01496053
0.01595902
0.01595736
0.01498938
0.01595640
0.01695490
0.01495981
0.01595759
0.01543212
0.01795149
0.01595759
0.01695466
0.01547194
0.01695299
0.01495886
0.01910353
0.01599193
0.01695633
0.01595712
0.01595354
0.01695538
0.01894569
0.01770759
0.01695251
0.01595783
0.01795006
0.01795173
0.01695657
0.01595688
0.01592326
0.01595759
0.01496077
0.01795101
0.01595664
0.01595950
0.01695466
0.01495981
0.01695490
0.01894879
0.01695585
0.01595879
0.01595759
0.01498675
0.01595783
0.01695299
0.01495957
0.01595569
0.01792026
0.01695561
0.01495910
0.01496005
0.01595688
0.01695561
0.01698613
0.01595783
0.01693964
0.01795292
0.01795268
0.01595759
0.01695395
0.01891899
0.01795173
0.01595688
0.01795197
0.01859879
0.01595783
0.01595759
0.01546717
0.01692724
0.01795316
0.01495981
0.01695466
0.01595831
0.01495910
0.01595473
0.01695251
0.01695585
0.01699066
0.01692367
0.01795220
0.01895022
0.01800442
0.01692367
0.01695395
0.01595783
0.01595974
0.01492858
0.01795244
0.01794529
0.01695681
0.01695442
0.01491356
0.01695442
0.01771140
0.01596069
0.01496005
0.01595879
0.01695490
0.01595402
0.01595664
0.01595855
0.01795387
0.01595974
0.01698303
0.01595831
0.01695538
0.01495886
0.01697159
0.01492715
0.01694870
0.01894975
0.01692510
0.01595712
0.01795506
0.01695919
0.01695752
0.01695180
0.01496029
0.01795030
0.01496387
0.01595855
0.01698112
0.01994610
0.01700306
0.01595545
0.01595831
0.01595569
0.01496005
0.01794529
0.01692748
0.01595736
0.02496099
0.01891875
0.01894951
0.01496100
0.01794314
0.01994777
0.01692462
0.01891899
0.01695061
0.01795006
0.01895142
0.01695514
0.01695728
0.01893902
0.01496053
0.01794887
0.01698732
0.01795006
0.01898026
0.01795769
0.01795697
0.01695538
0.01691890
0.01894736
0.01595783
0.01495576
0.01743913
0.01897955
0.01595855
0.01499295
0.01695275
0.01695609
0.01595592
0.01596379
0.01695371
0.01595712
0.01595616
0.01495934
0.01794434
0.01895285
0.01695728
0.01795626
0.01595569
0.01692224
0.01695585
0.01495838
0.01548004
0.01595855
0.01795363
0.01646256
0.01695490
0.01994658
0.01846981
0.02194333
0.01994920
0.02194214
0.02094269
0.01894712
0.01895118
0.01695466
0.01695514
0.01698232
0.01595926
0.01695514
0.01893854
0.01695514
0.01795411
0.01495957
0.01496005
0.01495886
0.01695204
0.01795316
0.01695585
0.01595807
0.01795363
0.01695418
0.01795077
0.01595640
0.01894641
0.01595950
0.01895142
0.02395296
0.02194381
0.02294326
0.01795053
0.01595831
0.01695538
0.01795268
0.02091527
0.01795197
0.01795101
0.01595688
0.01695228
0.01994228
0.01895022
0.01962876
0.01695824
0.01496220
0.01598549
0.01695561
0.01795220
0.01495934
0.01695013
0.01894951
0.01595759
0.01546764
0.01595473
0.01795197
0.01695490
0.01496029
0.01695204
0.01595688
0.01695371
0.01595759
0.01595759
0.01595545
0.01695371
0.01595807
0.01495910
0.01695347
0.02792668
0.01592636
0.01695418
0.01795101
0.01595592
0.01795077
0.01695919
0.01595926
0.01595831
0.01795316
0.01695585
0.01695251
0.01495886
0.01795435
0.01595712
0.01695514
0.01695538
0.01551461
0.01560163
0.01695585
0.01595736
0.01695251
0.01695299
0.01795554
0.01695395
0.01495767
0.01795149
0.01795459
0.01595640
0.01695585
0.01895118
0.01793289
0.01695704
0.01645255
0.01895070
0.01595879
0.01595545
0.01695514
0.01994562
0.01894975
0.01595640
0.01795316
0.01695299
0.01595378
0.01695132
0.01595879
0.01894879
0.01595759
0.01595855
0.01795197
0.01695418
0.01795220
0.01495910
0.01694226
0.01695132
0.01695585
0.01495790
0.01894093
0.01595926
0.01994824
0.01595640
0.01496172
0.01795149
0.01895094
0.01792407
0.01595640
0.01997066
0.01496077
0.01795173
0.01695752
0.01495838
0.01595592
0.01596045
0.01695466
0.01548147
0.01595807
0.01894617
0.01795220
0.01895142
0.01695442
0.01595402
0.01695585
0.01695395
0.01496100
0.01595783
0.01894951
0.01795411
0.01695704
0.01795435
0.01595640
0.01692462
0.01795125
0.01896143
0.01846147
0.01495409
0.01695561
0.01695323
0.01695943
0.01595163
0.01894617
0.01595736
0.01595712
0.01495934
0.01695490
0.01695442
0.01695538
0.01692176
0.01795173
0.01795316
0.01695704
0.01695561
0.01692057
0.01795030
0.01795483
0.01595902
0.01695371
0.01595736
0.01695609
0.01495910
0.01595783
0.01595664
0.01695538
0.01695728
0.01595783
0.01695466
0.01894927
0.01695585
0.01496077
0.01595736
0.01595974
0.01598859
0.01695514
0.02093983
0.01695323
0.01695204
0.01897740
0.01495862
0.01595926
0.01610065
0.01795506
0.01695561
0.01495862
0.01795125
0.01994562
0.01695442
0.01496005
0.01695585
0.01795173
0.01595616
0.01695347
0.01595736
0.01795292
0.01695490
0.01496077
0.01698303
0.02094269
0.01895070
0.01894403
0.01994467
0.01795197
0.01695490
0.01695561
0.01595521
0.01994443
0.01595545
0.01795244
0.01695418
0.01595807
0.01894951
0.01695752
0.01695466
0.01495934
0.01695418
0.01495743
0.01695561
0.01496005
0.01595640
0.01795149
0.01695585
0.01695466
0.01595497
0.01592970
0.01796317
0.01595736
0.01695418
0.01783085
0.01695442
0.01595616
0.01693988
0.01747060
0.01595640
0.01795244
0.01894593
0.01892018
0.01795006
0.01892233
0.01595640
0.01695466
0.01695561
0.01794910
0.01695132
0.01894999
0.02094388
0.01496196
0.01695538
0.01894951
0.01895189
0.01695728
0.01594925
0.01795053
0.01795077
0.02094769
0.02094126
0.01695728
0.01595807
0.01594853
0.01592636
0.01596093
0.01495934
0.01795149
0.01695466
0.01525640
0.01695609
0.01695395
0.01795411
0.01496029
0.01695085
0.01595616
0.01595664
0.01495957
0.01495934
0.01794887
0.01795268
0.01598501
0.01641226
0.01695156
0.01695967
0.01496053
0.01695395
0.01595759
0.01994610
0.01795197
0.01595473
0.01895213
0.01895261
0.01595688
0.01595712
0.01595354
0.01692104
0.01598454
0.01595736
0.01595187
0.01695299
0.01795268
0.01496100
0.01794934
0.01695251
0.01499319
0.01795244
0.01695299
0.02193928
0.01695514
0.01595759
0.01795053
0.01795340
0.01795316
0.01598644
0.01695275
0.01668072
0.01895118
0.01695514
0.01595664
0.01795435
0.01496053
0.01495886
0.01695538
0.01695418
0.01795745
0.01496005
0.01595235
0.01692247
0.01795363
0.01496124
0.01595807
0.01695538
0.01695776
0.01595902
0.01495957
0.01592302
0.01695466
0.01696420
0.01795244
0.01595759
0.01795244
0.01496029
0.01496124
0.01595807
0.01593018
0.01695538
0.01695609
0.01592517
0.01595759
0.01695490
0.01795578
0.01495957
0.01496005
0.01596022
0.01595950
0.01595712
0.01694942
0.01846361
0.01895165
0.01695490
0.01695418
0.01594448
0.01795220
0.01695418
0.01595616
0.01595712
0.01695466
0.01552820
0.01595712
0.01795197
0.01667523
0.01595569
0.01595759
0.01495957
0.01595473
0.01894951
0.01496363
0.01495957
0.01695466
0.01695037
0.01616168
0.01495790
0.01595521
0.01795149
0.01595688
0.01595592
0.01595640
0.01595616
0.01595926
