0.00997329
0.01293612
0.01296377
0.01296520
0.01496077
0.01296401
0.01296425
0.01396441
0.01296663
0.01496124
0.01396227
0.01496077
0.01495862
0.01396298
0.01396251
0.01595950
0.01697946
0.01595807
0.01495934
0.01396418
0.01595950
0.01595879
0.01393223
0.01293612
0.01296377
0.01496482
0.01396394
0.01293588
0.01396370
0.01593065
0.01496220
0.01396346
0.01296496
0.01296735
0.01296663
0.01296616
0.01259494
0.01296592
0.01495981
0.01296663
0.01296306
0.01496029
0.01596022
0.01496005
0.01293135
0.01396298
0.01296520
0.01396346
0.01296306
0.01495886
0.01396370
0.01396418
0.01292491
0.01595163
0.01595879
0.01495957
0.01396346
0.01496005
0.01595640
0.01596093
0.01296496
0.01296520
0.01595998
0.01496053
0.01296544
0.01396322
0.01595688
0.01596928
0.01296878
0.01296234
0.01396370
0.01396084
0.01396251
0.01396322
0.01496577
0.01496005
0.01496363
0.01496434
0.01395988
0.01595926
0.01353431
0.01296568
0.01396346
0.01496029
0.01293588
0.01366234
0.01296115
0.01496172
0.01396251
0.01296449
0.01296473
0.01396275
0.01296449
0.01296425
0.01495957
0.01550150
0.01296449
0.01296425
0.01468682
0.01496005
0.01296520
0.01296544
0.01396346
0.01396108
0.01396370
0.01296616
0.01296234
0.01396346
0.01396465
0.01296568
0.01296616
0.01296496
0.01496172
0.01296520
0.01296282
0.01496339
0.01496220
0.01496053
0.01296592
0.01296401
0.01396275
0.01296568
0.01296592
0.01398706
0.01595712
0.01493239
0.01296496
0.01495957
0.01592731
0.01399875
0.01496005
0.01296210
0.01296496
0.01496315
0.01297259
0.01296496
0.01496243
0.01500487
0.01495934
0.01296544
0.01495934
0.01496053
0.01296616
0.01395869
0.01296258
0.01296449
0.01396489
0.01296687
0.01296043
0.01595783
0.01516700
0.01496053
0.01295948
0.01296663
0.01296544
0.01296520
0.01296639
0.01296353
0.01496124
0.01399469
0.01296353
0.01396132
0.01595592
0.01595998
0.01296759
0.01296544
0.01395679
0.01495814
0.01498747
0.01296234
0.01496005
0.01595688
0.01596189
0.01396132
0.01495934
0.01495600
0.01396394
0.01399064
0.01396227
0.01594281
0.01293683
0.01395822
0.01495862
0.01596141
0.01296973
0.01293588
0.01396346
0.01396513
0.01496387
0.01350021
0.01296473
0.01496243
0.01399851
0.01196790
0.01296401
0.01396108
0.01497126
0.01293373
0.01295590
0.01297259
0.01396275
0.01296234
0.01347470
0.01395988
0.01396847
0.01396298
0.01296592
0.01496291
0.01295996
0.01397872
0.01296568
0.01196790
0.01393318
0.01396275
0.01296616
0.01295733
0.01196933
0.01396370
0.01296544
0.01296353
0.01293278
0.01596713
0.01396298
0.01296449
0.01396203
0.01596308
0.01496100
0.01296663
0.01295924
0.01396394
0.01296592
0.01296592
0.01296544
0.01396513
0.01396155
0.01296544
0.01296449
0.01296282
0.01496434
0.01296663
0.01393270
0.01396370
0.01396537
0.01396418
0.01495981
0.01396251
0.01196718
0.01295543
0.01396370
0.01496053
0.01396346
0.01393485
0.01695538
0.01695657
0.01296568
0.01296544
0.01396561
0.01595378
0.01495981
0.01393080
0.01396012
0.01296449
0.01296520
0.01296592
0.01296806
0.01396132
0.01395917
0.01399541
0.01296735
0.01296592
0.01495981
0.01496100
0.01396298
0.01193881
0.01296306
0.01296759
0.01296544
0.01296496
0.01196551
0.01296473
0.01396084
0.01199436
0.01395655
0.01493764
0.01399708
0.01295972
0.01196718
0.01296568
0.01193738
0.01196837
0.01296473
0.01396465
0.01293230
0.01296616
0.01296616
0.01492882
0.01396251
0.01196718
0.01296687
0.01296306
0.01396871
0.01296687
0.01196718
0.01396275
0.01496506
0.01496387
0.01293492
0.01296473
0.01496291
0.01296520
0.01296544
0.01296496
0.01496124
0.01296473
0.01395845
0.01396132
0.01296592
0.01296473
0.01296544
0.01595902
0.01595879
0.01396394
0.01296544
0.01396251
0.01496744
0.01296568
0.01296377
0.01595783
0.01597095
0.01296544
0.01395988
0.01496029
0.01496029
0.01396346
0.01396298
0.01595712
0.01395798
0.01595902
0.01396322
0.01399207
0.01695514
0.01596117
0.01394033
0.01398969
0.01493168
0.01396370
0.01294518
0.01495910
0.01495957
0.01496339
0.01296592
0.01293230
0.01496053
0.01546907
0.01299357
0.01296306
0.01296663
0.01296568
0.01396322
0.01296544
0.01296282
0.01296520
0.01396370
0.01296544
0.01396203
0.01595831
0.01296639
0.01296329
0.01396298
0.01595950
0.01296473
0.01296806
0.01296568
0.01296639
0.01396370
0.01296520
0.01396418
0.01496029
0.01595759
0.01496553
0.01295805
0.01296544
0.01396418
0.01296592
0.01296401
0.01496553
0.01496363
0.01396632
0.01396251
0.01296377
0.01396179
0.01396608
0.01296806
0.01395535
0.01595879
0.01569319
0.01496005
0.01296520
0.01495624
0.01496220
0.01296520
0.01296401
0.01296687
0.01496029
0.01496172
0.01396656
0.01296687
0.01396513
0.01296449
0.01396251
0.01296115
0.01492834
0.01495934
0.01296496
0.01293492
0.01296520
0.01595950
0.01495934
0.01496005
0.01295424
0.01496339
0.01495838
0.01296449
0.01396227
0.01396418
0.01296592
0.01296091
0.01296425
0.01601386
0.01495981
0.01296711
0.01373434
0.01499081
0.01498890
0.01396203
0.01396418
0.01296043
0.01396322
0.01296687
0.01396203
0.01495671
0.01543999
0.01396036
0.01395893
0.01399732
0.01393414
0.01296401
0.01496124
0.01595545
0.01595759
0.01495838
0.01296401
0.01499128
0.01396537
0.01296568
0.01396346
0.01296473
0.01393461
0.01296997
0.01296401
0.01392937
0.01595974
0.01498961
0.01296520
0.01293373
0.01496339
0.01296616
0.01396132
0.01492214
0.01496077
0.01396108
0.01296544
0.01495767
0.01492786
0.01495957
0.01296544
0.01495886
0.01627421
0.01296568
0.01296425
0.01302695
0.01296616
0.01495957
0.01296520
0.01494670
0.01595521
0.01596284
0.01496053
0.01296711
0.01396322
0.01495957
0.01495957
0.01296568
0.01356936
0.01495886
0.01496530
0.01296282
0.01496196
0.01595807
0.01695561
0.01549816
0.01396060
0.01596069
0.01396418
0.01496220
0.01395655
0.01695466
0.01695585
0.01396275
0.01795411
0.01596212
0.01496124
0.01595759
0.01695681
0.01396179
0.01795077
0.01496196
0.01396394
0.01495934
0.01296878
0.01395154
0.01296735
0.01396203
0.01496029
0.01495910
0.01496029
0.01296139
0.01496005
0.01496005
0.01396370
0.01396275
0.01296520
0.01660538
0.01692533
0.01496077
0.01196480
0.01496029
0.01496410
0.01296711
0.01395726
0.01296520
0.01395535
0.01595926
0.01296496
0.01296234
0.01399636
0.01496196
0.02094126
0.01895237
0.01396227
0.01495934
0.01396012
0.01396346
0.01495934
0.01396132
0.01496077
0.01496053
0.01496077
0.01396585
0.01396203
0.01495838
0.01595902
0.01894903
0.01396227
0.01296878
0.01200056
0.01392341
0.01516175
0.01376200
0.01595569
0.01396155
0.01496315
0.01496100
0.01264691
0.01296544
0.01494813
0.01496053
0.01298928
0.01395965
0.01396108
0.01396418
0.01296520
0.01296401
0.01791596
0.01695395
0.01595855
0.01794624
0.01696324
0.01471043
0.01695251
0.01495671
0.01470256
0.01596236
0.01496100
0.01495934
0.01496196
0.01595616
0.01296639
0.01296592
0.01296592
0.01396227
0.01495934
