0.00598168
0.01396155
0.01595736
0.01396179
0.01296663
0.01396322
0.01296473
0.01396441
0.01396608
0.01296473
0.01396227
0.01396275
0.01296687
0.01396298
0.01396298
0.01396275
0.01396227
0.01395941
0.01396298
0.01296592
0.01296592
0.01296592
0.01296377
0.01396179
0.01396203
0.01496005
0.01495957
0.01399398
0.01496100
0.01595950
0.01296473
0.01396656
0.01496482
0.01364970
0.01299620
0.01296329
0.01496339
0.01396108
0.01396298
0.01256871
0.01495957
0.01592755
0.01396298
0.01396823
0.01385498
0.01396275
0.01355863
0.01487970
0.01396322
0.01795483
0.01496768
0.01496053
0.01595807
0.01695490
0.01795197
0.01695871
0.01396132
0.01695609
0.01595712
0.01695848
0.01595736
0.01396370
0.01296568
0.01695514
0.01396394
0.01795053
0.01495957
0.01496172
0.01396441
0.01396108
0.01549554
0.01496148
0.01296353
0.01296306
0.01296449
0.01296639
0.01396108
0.01296210
0.01595879
0.01396298
0.01299453
0.01396275
0.01395822
0.01396298
0.01296806
0.01296353
0.01293898
0.01496124
0.01495504
0.01396251
0.01595402
0.01695633
0.01563072
0.01396132
0.01296639
0.01396203
0.01395726
0.01297069
0.01296592
0.01396084
0.01396275
0.01296687
0.01296520
0.01396275
0.01595831
0.01350856
0.01296473
0.01396298
0.01395965
0.01396561
0.01193190
0.01399159
0.01495910
0.01396561
0.01396012
0.01296663
0.01396084
0.01296377
0.01498127
0.01495957
0.01396132
0.01396322
0.01296425
0.01396465
0.01496410
0.01196766
0.01292944
0.01396251
0.01396179
0.01296473
0.01293302
0.01595616
0.01495934
0.01396132
0.01296449
0.01396322
0.01396513
0.01296568
0.01296377
0.01293778
0.01396275
0.01396275
0.01296449
0.01296377
0.01496124
0.01296854
0.01296496
0.01396060
0.01396370
0.01396227
0.01296544
0.01296854
0.01396513
0.01296878
0.01296687
0.01396203
0.01396132
0.01496363
0.01296568
0.01396108
0.01396203
0.01421499
0.01296473
0.01296377
0.01296377
0.01396370
0.01296782
0.01293397
0.01396251
0.01396203
0.01396513
0.01396370
0.01296163
0.01595736
0.01396179
0.01396322
0.01296759
0.01396203
0.01296854
0.01496005
0.01296425
0.01296401
0.01595831
0.01595783
0.01296496
0.01396346
0.01396227
0.01296711
0.01396227
0.01496148
0.01396441
0.01296329
0.01395965
0.01495838
0.01396346
0.01196790
0.01196647
0.01296496
0.01296473
0.01296544
0.01496077
0.01296496
0.01496553
0.01396060
0.01296401
0.01296520
0.01396275
0.01296639
0.01396418
0.01296449
0.01396298
0.01196694
0.01296616
0.01296425
0.01396489
0.01396394
0.01396370
0.01296496
0.01296520
0.01396585
0.01296687
0.01396179
0.01595759
0.01596284
0.01396418
0.01396370
0.01495910
0.01496434
0.01595616
0.01296735
0.01396036
0.01495838
0.01396370
0.01495743
0.01296973
0.01395750
0.01296687
0.01296401
0.01396155
0.01296711
0.01196599
0.01395702
0.01396084
0.01396585
0.01396251
0.01296401
0.01196623
0.01296926
0.01396346
0.01196909
0.01595306
0.01296496
0.01496172
0.01296544
0.01296687
0.01296687
0.01396132
0.01396251
0.01296663
0.01296258
0.01496077
0.01296473
0.01296329
0.01396227
0.01296353
0.01396370
0.01296473
0.01392937
0.01396585
0.01309443
0.01396275
0.01296449
0.01396513
0.01396418
0.01296496
0.01296496
0.01396155
0.01396298
0.01296687
0.01396346
0.01296353
0.01299810
0.01399541
0.01296544
0.01396322
0.01496077
0.01299930
0.01396370
0.01296449
0.01496148
0.01396132
0.01296568
0.01396227
0.01393104
0.01496196
0.01296592
0.01296568
0.01293588
0.01595879
0.01596022
0.01296544
0.01396155
0.01596069
0.01396179
0.01396251
0.01295352
0.01396465
0.01595688
0.01297021
0.01496148
0.01496148
0.01293111
0.01396346
0.01496029
0.01396132
0.01396179
0.01396179
0.01496029
0.01396680
0.01296306
0.01396203
0.01496458
0.01398897
0.01495528
0.01396132
0.01495886
0.01396251
0.01396322
0.01396585
0.01694870
0.01795340
0.01396489
0.01395750
0.01299477
0.01396632
0.01296377
0.01296473
0.01396465
0.01396275
0.01296353
0.01396251
0.01396370
0.01396441
0.01293898
0.01495886
0.01396155
0.01193690
0.01296854
0.01296735
0.01296520
0.01296711
0.01395416
0.01595759
0.01495767
0.01296544
0.01196504
0.01196647
0.01296735
0.01296425
0.01296496
0.01296449
0.01396537
0.01296258
0.01396298
0.01196551
0.01396251
0.01396513
0.01296592
0.01197362
0.01296210
0.01296663
0.01296568
0.01196742
0.01296520
0.01466823
0.01296568
0.01495981
0.01296377
0.01496172
0.01296735
0.01296592
0.01607370
0.01495790
0.01296067
0.01396298
0.01296520
0.01296473
0.01296663
0.01396346
0.01496196
0.01595831
0.01531458
0.01296258
0.01496196
0.01447368
0.01296735
0.01495671
0.01595807
0.01496053
0.01496339
0.01296234
0.01496124
0.01396227
0.01595831
0.01296186
0.01296544
0.01395941
0.01196742
0.01296520
0.01296401
0.01695728
0.01396394
0.01296592
0.01296544
0.01396298
0.01296520
0.01296425
0.01296425
0.01396322
0.01396155
0.01595235
0.01496625
0.01396179
0.01296377
0.01296520
0.01296616
0.01396298
0.01296544
0.01396346
0.01196766
0.01396489
0.01296926
0.01495934
0.01396084
0.01496744
0.01196933
0.01396251
0.01296568
0.01296616
0.01296520
0.01391649
0.01396108
0.01396275
0.01296496
0.01396251
0.01396227
0.01396012
0.01196766
0.01295567
0.01296401
0.01296568
0.01296711
0.01396251
0.01396179
0.01296520
0.01495957
0.01400089
0.01296473
0.01196766
0.01396418
0.01393795
0.01396322
0.01296449
0.01296687
0.01396632
0.01396251
0.01296449
0.01296520
0.01396275
0.01396632
0.01396251
0.01296449
0.01296735
0.01396179
0.01196742
0.01196504
0.01296806
0.01296616
0.01196671
0.01396322
0.01396227
0.01495886
0.01296639
0.01196742
0.01296496
0.01296496
0.01396155
0.01197100
0.01296520
0.01396537
0.01396227
0.01296639
0.01398897
0.01396251
0.01396632
0.01396275
0.01296520
0.01495695
0.01396227
0.01296687
0.01296258
0.01396322
0.01495910
0.01396418
0.01396513
0.01396132
0.01495886
0.01396441
0.01296401
0.01296258
0.01295543
0.01396394
0.01396489
0.01296520
0.01296473
0.01296449
0.01296544
0.01395941
0.01296496
0.01396179
0.01396251
0.01296353
0.01296878
0.01495934
0.01396775
0.01196647
0.01399207
0.01396251
0.01299572
0.01296449
0.01296568
0.01396608
0.01296568
0.01296806
0.01296473
0.01496029
0.01296711
0.01296592
0.01296568
0.01196671
0.01296592
0.01396227
0.01396060
0.01392841
0.01396704
0.01396513
0.01496196
0.01296282
0.01396298
0.01495886
0.01396060
0.01296639
0.01396251
0.01496243
0.01396394
0.01298952
0.01296544
0.01396036
0.01496005
0.01396084
0.01395416
0.01496053
0.01496243
0.01299858
0.01196742
0.01396084
0.01299334
0.01396203
0.01296711
0.01392698
0.01396298
0.01396179
0.01296473
0.01296520
0.01496387
0.01396775
0.01396203
0.01296496
0.01396585
0.01496291
0.01296425
0.01347280
0.01296258
0.01495767
0.01399994
0.01299644
0.01396251
0.01361465
0.01296592
0.01396275
0.01296616
0.01396108
0.01496267
0.01496220
0.01296473
0.01294947
0.01452351
0.01297164
0.01396322
0.01296520
0.01454258
0.01296663
0.01296496
0.01392841
0.01396418
0.01296687
0.01396418
0.01396227
0.01394868
0.01396322
0.01396251
0.01300144
0.01396155
0.01396298
0.01396298
0.01296520
0.01296043
0.01595712
0.01296377
0.01296425
0.01296353
0.01496005
0.01296568
0.01395988
0.01494622
0.01396561
0.01396322
0.01296473
0.01452994
0.01396418
0.01234984
0.01396370
0.01235247
0.01396179
0.01496911
0.01395988
0.01299191
0.01296329
0.01396394
0.01347303
0.01296449
0.01496053
0.01496339
0.01296449
0.01296425
0.01296449
0.01496053
0.01396704
0.01396251
0.01296663
0.01396251
0.01496124
0.01223707
0.01396275
0.01596069
0.01695418
0.01393342
0.01296234
0.01396370
0.01696062
0.01393151
0.01392984
0.01596093
0.01596045
0.01496172
0.01495934
0.01496243
0.01595664
0.01495981
0.01296568
0.01296735
0.01396108
0.01296616
0.01196837
0.01196694
0.01097035
0.01296210
0.01196766
0.01197004
0.01196671
0.01196742
0.01196742
0.01196909
0.01196313
0.01296377
0.01196837
0.01196980
0.01196837
0.01196623
0.01331687
0.01197076
0.01096916
0.01197362
0.01296496
0.01097035
0.01196790
0.01296282
0.01196861
0.01097059
0.01296544
0.01496220
0.01096869
0.01097083
0.01196766
0.01296663
0.01300097
0.01396394
0.01196933
0.01296639
0.01296473
0.01196790
0.01196599
0.01474929
0.01296687
0.01296592
0.01196742
0.01296449
0.01398063
0.01196861
0.01196837
0.01296449
0.01396322
0.01296663
0.01196551
0.01296401
0.01295733
0.01296616
0.01196766
0.01296234
0.01096940
0.01296520
0.01296449
0.01296520
0.01296568
0.01595855
0.01296973
0.01296449
0.01396108
0.01296473
0.01296735
0.01396298
0.01396155
0.01399183
0.01296902
0.01296496
0.01296449
0.01496029
0.01196790
0.01396227
0.01193690
0.01396298
0.01396370
0.01396275
0.01296568
0.01396346
0.01396322
0.01396155
0.01196551
0.01396227
0.01396298
0.01396275
0.01196909
0.01296520
0.01495767
0.01497316
0.01296544
0.01296496
0.01449084
0.01296473
0.01296544
0.01196575
0.01396084
0.01296759
0.01396227
0.01296735
0.01296449
0.01496291
0.01396275
0.01296520
0.01396656
0.01247406
0.01496172
0.01296425
0.01293349
0.01296902
0.01396346
0.01296496
0.01296568
0.01296568
0.01495934
0.01396179
0.01396108
0.01396132
0.01396275
0.01296544
0.01396036
0.01492310
0.01396465
0.01296473
0.01396370
0.01296616
0.01296496
0.01296520
0.01294398
0.01296496
0.01296473
0.01396179
0.01396036
0.01296496
0.01296377
0.01296568
0.01396275
0.01496077
0.01495838
0.01399207
0.01296449
0.01496267
0.01496124
0.01296473
0.01396155
0.01496458
0.01396394
0.01396370
0.01299381
0.01495957
0.01396179
0.01296616
0.01296425
0.01496005
0.01396132
0.01396179
0.01293445
0.01595616
0.01496005
0.01393318
0.01296616
0.01495886
0.01495838
0.01396298
0.01296663
0.01396251
0.01296592
0.01196790
0.01396251
0.01396060
0.01296544
0.01296449
0.01196790
0.01296425
0.01396441
0.01396132
0.01196766
0.01296234
0.01395941
0.01296663
0.01296592
0.01396108
0.01595783
0.01496148
0.01396298
0.01296425
0.01396537
0.01296544
0.01399136
0.01296425
0.01495910
0.01397085
0.01396203
0.01295638
0.01496339
0.01396275
0.01396060
0.01396227
0.01296425
0.01596212
0.01296496
0.01396084
0.01595926
0.01595855
0.01495624
0.01296496
0.01495767
0.01396275
0.01396537
0.01296329
0.01395845
0.01296782
0.01596904
0.01396322
0.01296306
0.01396012
0.01396489
0.01396298
0.01296544
0.01396132
0.01496005
0.01393557
0.01296568
0.01396275
0.01495957
0.01396227
0.01296568
0.01396084
0.01396060
0.01296568
0.01396441
0.01296425
0.01395965
0.01496410
0.01296401
0.01396036
0.01296496
0.01496005
0.01293707
0.01446867
0.01296377
0.01396203
0.01296592
0.01495719
0.01396251
0.01296544
0.01396465
0.01396799
0.01296544
0.01296473
0.01296568
0.01495862
0.01254058
0.01396060
0.01396656
0.01396489
0.01296639
0.01396298
0.01295996
0.01496053
0.01396298
0.01296568
0.01496005
0.01396370
0.01396394
0.01434207
0.01296425
0.01393485
0.01347518
0.01396489
0.01296282
0.01347971
0.01496029
0.01396370
0.01296592
0.01296377
0.01496410
0.01396298
0.01296449
0.01396441
0.01395059
0.01396084
0.01395822
0.01296401
0.01396203
0.01496148
0.01296520
0.01296496
0.01396251
0.01396203
0.01396251
0.01396012
0.01396179
0.01495957
0.01496029
0.01296782
0.01495910
0.01396227
0.01396632
0.01296592
0.01296425
0.01396203
0.01399231
0.01396275
0.01296401
0.01396155
0.01393151
0.01357579
0.01296473
0.01396322
0.01496220
0.01396275
0.01496506
0.01393104
0.01396203
0.01296520
0.01296568
0.01296210
0.01496792
0.01296520
0.01396108
0.01598787
0.01495695
0.01396251
0.01595712
0.01499462
0.01592755
0.01293659
0.01495719
0.01698542
0.01495838
0.01396251
0.01296306
0.01495814
0.01396132
0.01296544
0.01293683
0.01396298
0.01396632
0.01296616
0.01396203
0.01396298
0.01598978
0.01296544
0.01196790
