0.00598359
0.01296568
0.01396251
0.01495981
0.01396084
0.01293588
0.01395988
0.01595879
0.01396155
0.01396298
0.01296377
0.01496005
0.01595616
0.01296592
0.01395917
0.01396275
0.01296616
0.01296234
0.01695657
0.01562452
0.01296353
0.01396227
0.01296496
0.01293635
0.01296401
0.01396370
0.01296473
0.01396275
0.01496172
0.01296473
0.01495981
0.01496363
0.01396561
0.01296616
0.01396179
0.01496124
0.01296425
0.01296520
0.01296425
0.01447201
0.01595807
0.01496029
0.01396298
0.01396203
0.01396251
0.01495862
0.01396203
0.01396322
0.01496029
0.01296663
0.01396036
0.01495838
0.01521969
0.01296782
0.01296735
0.01396203
0.01396418
0.01396298
0.01544857
0.01396275
0.01495934
0.01496005
0.01496100
0.01296520
0.01396227
0.01494336
0.01396489
0.01299715
0.01396322
0.01495862
0.01296759
0.01396298
0.01396155
0.01495600
0.01496220
0.01595831
0.01293492
0.01496005
0.01596212
0.01296568
0.01396132
0.01296592
0.01396227
0.01296663
0.01296496
0.01299524
0.01396179
0.01296616
0.01296377
0.01396179
0.01396251
0.01296473
0.01495767
0.01396394
0.01495981
0.01396227
0.01495957
0.01396227
0.01496029
0.01396203
0.01296568
0.01297259
0.01296449
0.01396108
0.01347351
0.01296306
0.01495957
0.01494312
0.01396251
0.01296616
0.01299357
0.01396322
0.01296496
0.01396322
0.01396108
0.01296496
0.01595879
0.01396394
0.01296163
0.01496339
0.01496267
0.01296306
0.01495886
0.01396394
0.01696062
0.01396346
0.01296544
0.01396108
0.01396203
0.01396251
0.01396179
0.01296520
0.01396489
0.01296616
0.01293182
0.01495886
0.01595879
0.01396585
0.01396155
0.01296520
0.01396728
0.01296759
0.01396728
0.01396346
0.01296568
0.01296544
0.01296473
0.01296425
0.01393008
0.01396203
0.01296711
0.01296163
0.01395917
0.01531625
0.01396155
0.01396251
0.01396298
0.01496005
0.01595807
0.01392627
0.01396108
0.01396346
0.01595807
0.01396322
0.01495886
0.01595521
0.01495934
0.01495838
0.01396036
0.01495767
0.01695609
0.01598763
0.01396227
0.01396704
0.01595688
0.01396465
0.01393247
0.01393104
0.01595736
0.01596069
0.01396346
0.01493073
0.01392674
0.01296496
0.01296520
0.01296091
0.01496005
0.01495862
0.01296711
0.01403594
0.01396322
0.01296639
0.01262617
0.01496124
0.01496363
0.01396084
0.01396108
0.01396251
0.01396203
0.01296377
0.01396036
0.01296401
0.01396251
0.01399565
0.01396227
0.01272178
0.01496196
0.01396370
0.01396346
0.01396275
0.01396751
0.01296544
0.01396298
0.01296496
0.01296377
0.01596427
0.01595759
0.01296496
0.01296473
0.01493073
0.01496029
0.01293111
0.01296473
0.01595974
0.01396370
0.01392984
0.01496100
0.01396489
0.01396203
0.01396394
0.01496363
0.01396394
0.01396132
0.01595759
0.01396155
0.01396275
0.01396179
0.01396132
0.01496148
0.01296496
0.01296496
0.01296520
0.01396251
0.01496053
0.01396441
0.01396918
0.01595879
0.01296782
0.01397204
0.01296425
0.01393366
0.01495957
0.01396227
0.01396179
0.01594973
0.01495838
0.01496148
0.01396203
0.01566148
0.01396418
0.01595664
0.01347637
0.01496124
0.01396823
0.01496243
0.01396298
0.01296592
0.01495838
0.01496053
0.01396179
0.01296329
0.01595759
0.01296449
0.01296163
0.01396203
0.01396298
0.01396179
0.01396132
0.01595616
0.01595783
0.01495957
0.01396155
0.01695609
0.01795793
0.01695490
0.01495838
0.01595712
0.01695418
0.01496124
0.01392365
0.01296329
0.01393008
0.01296520
0.01296496
0.01296544
0.01396322
0.01396322
0.01196814
0.01396227
0.01396012
0.01495981
0.01297235
0.01296473
0.01396441
0.01297116
0.01296735
0.01296663
0.01296496
0.01296568
0.01296473
0.01196694
0.01293206
0.01396346
0.01196790
0.01347828
0.01296520
0.01296639
0.01296425
0.01495838
0.01396704
0.01296496
0.01196742
0.01495862
0.01495981
0.01595879
0.01399326
0.01396227
0.01396227
0.01595569
0.01396251
0.01495767
0.01495695
0.01595569
0.01499271
0.01395655
0.01396084
0.01396322
0.01399374
0.01296401
0.01595736
0.01595592
0.01595688
0.01396298
0.01396084
0.01399350
0.01492381
0.01296449
0.01395512
0.01493335
0.01296449
0.01357245
0.01396060
0.01396108
0.01396179
0.01296425
0.01296544
0.01496124
0.01496434
0.01396346
0.01296568
0.01296473
0.01296616
0.01396370
0.01296592
0.01299834
0.01393366
0.01296520
0.01296711
0.01296353
0.01497316
0.01595759
0.01495981
0.01299620
0.01396251
0.01396489
0.01396537
0.01296592
0.01296449
0.01396155
0.01296449
0.01296520
0.01396084
0.01496077
0.01296926
0.01296520
0.01396322
0.01396251
0.01396394
0.01296353
0.01396322
0.01396322
0.01296544
0.01296616
0.01396394
0.01396465
0.01296711
0.01296496
0.01396227
0.01396203
0.01296687
0.01296401
0.01296592
0.01495957
0.01396275
0.01296496
0.01296329
0.01495862
0.01396227
0.01196766
0.01296473
0.01296401
0.01296258
0.01396775
0.01296663
0.01296687
0.01396060
0.01296520
0.01296568
0.01296473
0.01300097
0.01296425
0.01296544
0.01396394
0.01396465
0.01396513
0.01296568
0.01396132
0.01495934
0.01396298
0.01395702
0.01296568
0.01396251
0.01396942
0.01396489
0.01196671
0.01396394
0.01468205
0.01396155
0.01296353
0.01296520
0.01296496
0.01396418
0.01296759
0.01296735
0.01396251
0.01396441
0.01396298
0.01398373
0.01296496
0.01595902
0.01476669
0.01396418
0.01335621
0.01396656
0.01336575
0.01296687
0.01337385
0.01595449
0.01496434
0.01396251
0.01296306
0.01317716
0.01396179
0.01300192
0.01296663
0.01514006
0.01496053
0.01673126
0.01493335
0.01392174
0.01598763
0.01440573
0.01296616
0.01495695
0.01496196
0.01296377
0.01296496
0.01296329
0.01396227
0.01396298
0.01296473
0.01296353
0.01396418
0.01296568
0.01296473
0.01496005
0.01492977
0.01496053
0.01496005
0.01395941
0.01396227
0.01396108
0.01396298
0.01395082
0.01595759
0.01496220
0.01496005
0.01293588
0.01395917
0.01496840
0.01595497
0.01595640
0.01842308
0.01496029
0.01396251
0.01296425
0.01495647
0.01499844
0.01496100
0.01296544
0.01296329
0.01695728
0.01396155
0.01296401
0.01396132
0.01495934
0.01396108
0.01398921
0.01296496
0.01496339
0.01495862
0.01396179
0.01396179
0.01396203
0.01496291
0.01296568
0.01296520
0.01293373
0.01447558
0.01396275
0.01296520
0.01396680
0.01596022
0.01496029
0.01484346
0.01396179
0.01396346
0.01396394
0.01296830
0.01296306
0.01296639
0.01396537
0.01296592
0.01396275
0.01347542
0.01595688
0.01396298
0.01347256
0.01396036
0.01495647
0.01396179
0.01296449
0.01396298
0.01496148
0.01596260
0.01296592
0.01496506
0.01396227
0.01396227
0.01595950
0.01495957
0.01396370
0.01595736
0.01496243
0.01595831
0.01495934
0.01389742
0.01399159
0.01596141
0.01396203
0.01495862
0.01396298
0.01396251
0.01296520
0.01496148
0.01296568
0.01496005
0.01493192
0.01595974
0.01296520
0.01595688
0.01595449
0.01994729
0.02795959
0.02792692
0.02194262
0.02390575
0.02691674
0.01097059
0.01097107
0.01048493
0.01097250
0.01096964
0.00997353
0.00997376
0.01097012
0.00997496
0.01097131
0.00997233
0.00997329
0.00997257
0.00993919
0.00997472
0.00997257
0.00997210
0.00997210
0.00997353
0.00997376
0.01097059
0.00997376
0.01097012
0.01096940
0.00997186
0.01099515
0.01396203
0.01396346
0.01296711
0.01096392
0.01399255
0.01296687
0.01196671
0.01197410
0.01196885
0.00997376
0.00997353
0.00997519
0.00997210
0.00997519
0.00997496
0.00994253
0.01097202
0.00997329
0.01197028
0.01295710
0.00997281
0.01098347
0.01097178
0.01097178
0.01190495
0.01097178
0.00997305
0.01119113
0.01196766
0.00997329
0.00997376
0.00997305
0.00997257
0.00997353
0.01097083
0.01197004
0.01196837
0.01296663
0.01296544
0.01396441
0.01496005
0.01654339
0.01396227
0.01396108
0.01262403
0.01196003
0.01495981
0.01496148
0.01465750
0.01296711
0.01196861
0.01396346
0.01196790
0.01296687
0.01396370
0.01296592
0.01496196
0.01296926
0.01296663
0.01196313
0.01396203
0.01196766
0.01199770
0.01196837
0.01296473
0.01296663
0.01396179
0.01296544
0.01296234
0.01296639
0.01496053
0.01396203
0.01296592
0.01396298
0.01196790
0.01196671
0.01296449
0.01296544
0.01296473
0.01296544
0.01496053
0.01396227
0.01296687
0.01294971
0.01296496
0.01396179
0.01296401
0.01194358
0.01196694
0.01396203
0.01464891
0.01296544
0.01296401
0.01495934
0.01397347
0.01396298
0.01296401
0.01396322
0.01296616
0.01396275
0.01495934
0.01395917
0.01396251
0.01396251
0.01296306
0.01395988
0.01296878
0.01296496
0.01299572
0.01496077
0.01396179
0.01296496
0.01296306
0.01396179
0.01396465
0.01196909
0.01396585
0.01496387
0.01501203
0.01296878
0.01396179
0.01395917
0.01495862
0.01595616
0.01894808
0.01495767
0.01396322
0.01492882
0.01393270
0.01492620
0.01499939
0.01595998
0.01399398
0.01395965
0.01396132
0.01595950
0.01396108
0.01396441
0.01296282
0.01495957
0.01399136
0.01296496
0.01396084
0.01296377
0.01296520
0.01296496
0.01595712
0.01399612
0.01396227
0.01396275
0.01296401
0.01296115
0.01433682
0.01396155
0.01299381
0.01293063
0.01495910
0.01396108
0.01296353
0.01399493
0.01396346
0.01396108
0.01299453
0.01595592
0.01492643
0.01296473
0.01296496
0.01296401
0.01396108
0.01396608
0.01296425
0.01296449
0.01399517
0.01396203
0.01296449
0.01296592
0.01396227
0.01396298
0.01299453
0.01296568
0.01296544
0.01495719
0.01396179
0.01296544
0.01395941
0.01495934
0.01296616
0.01396203
0.01296544
0.01296782
0.01399755
0.01396155
0.01296449
0.01396179
0.01396060
0.01396060
0.01396155
0.01595640
0.01495910
0.01396203
0.01296425
0.01395869
0.01495695
0.01595664
0.01396704
0.01296282
0.01396298
0.01621795
0.01695490
0.01496172
0.01296639
0.01496053
0.01296377
0.01293588
0.01496029
0.01396084
0.01595688
0.01495957
0.01296496
0.01399112
0.01396346
0.01396418
0.01296592
0.01396298
0.01595497
0.01396108
0.01296234
0.01396132
0.01396203
0.01496243
0.01396155
0.01296401
0.01396275
0.01296568
0.01296401
0.01296306
0.01396251
0.01396275
0.01296639
0.01296353
0.01495099
0.01296568
0.01296473
0.01396418
0.01396203
0.01496625
0.01396036
0.01296520
0.01299596
0.01496124
0.01396108
0.01296520
0.01399040
0.01596069
0.01396108
0.01396370
0.01347256
0.01496196
0.01496005
0.01296592
0.01695442
0.01396298
0.01595759
0.01296449
0.01496100
0.01396561
0.01497555
0.01296496
0.01393032
0.01396251
0.01296449
0.01296520
0.01296353
0.01396227
0.01396322
0.01496005
0.01396275
0.01396298
0.01496053
0.01396203
0.01296544
0.01296496
0.01495910
0.01399446
0.01296639
0.01595640
0.01496077
0.01396370
0.01296401
0.01496005
0.01495981
0.01296663
0.01299787
0.01495862
0.01393080
0.01496077
0.01396251
0.01393342
0.01595449
