0.00698090
0.01296568
0.01296163
0.01396966
0.01546931
0.01296616
0.01296520
0.01293588
0.01595688
0.01396275
0.01396227
0.01396203
0.01296496
0.01495743
0.01595807
0.01496077
0.01296473
0.01396251
0.01296449
0.01396203
0.01399541
0.01296473
0.01595521
0.01596928
0.01496053
0.01396227
0.01496005
0.01495934
0.01296568
0.01396418
0.01296663
0.01296663
0.01496029
0.01296210
0.01495981
0.01296759
0.01296329
0.01396322
0.01296329
0.01496005
0.01296377
0.01495290
0.01496148
0.01296544
0.01196623
0.01396298
0.01396513
0.01296592
0.01296473
0.01296449
0.01399660
0.01296520
0.01296473
0.01196623
0.01296568
0.01595950
0.01296449
0.01398969
0.01395583
0.01296639
0.01299930
0.01296377
0.01296616
0.01296806
0.01396275
0.01296568
0.01396275
0.01293731
0.01496339
0.01196718
0.01296473
0.01396179
0.01396346
0.01396298
0.01196957
0.01396537
0.01396251
0.01296329
0.01296616
0.01296496
0.01347423
0.01396275
0.01296258
0.01296639
0.01296425
0.01396322
0.01395988
0.01296544
0.01596093
0.01296592
0.01296449
0.01296616
0.01396322
0.01296306
0.01396322
0.01296473
0.01396465
0.01396418
0.01296449
0.01496172
0.01393485
0.01596022
0.01296520
0.01363277
0.01392651
0.01296520
0.01396227
0.01296306
0.01296592
0.01396203
0.01396441
0.01296520
0.01293516
0.01396775
0.01496196
0.01393151
0.01296496
0.01496029
0.01496339
0.01296568
0.01396203
0.01396227
0.01563644
0.01396322
0.01296473
0.01296544
0.01396298
0.01396441
0.01296473
0.01396227
0.01396918
0.01396489
0.01324177
0.01299477
0.01396132
0.01391840
0.01296639
0.01495600
0.01546288
0.01396561
0.01396227
0.01396203
0.01296210
0.01396608
0.01396251
0.01296425
0.01296425
0.01396465
0.01396108
0.01299548
0.01296115
0.01595736
0.01296544
0.01296520
0.01296353
0.01396227
0.01495862
0.01296496
0.01296830
0.01296449
0.01399589
0.01296473
0.01396513
0.01296520
0.01396227
0.01595688
0.01496100
0.01379442
0.01296473
0.01326561
0.01496220
0.01367116
0.01495957
0.01296473
0.01447058
0.01396132
0.01298738
0.01495743
0.01492763
0.01293182
0.01455092
0.01595831
0.01492977
0.01395869
0.01498866
0.01499033
0.01695943
0.01396489
0.01396298
0.01393008
0.01399040
0.01396251
0.01296496
0.01344967
0.01296496
0.01496053
0.01396418
0.01296568
0.01296496
0.01396108
0.01396275
0.01296520
0.01296520
0.01396370
0.01396322
0.01396513
0.01296473
0.01396298
0.01296449
0.01495695
0.01496148
0.01396465
0.01296496
0.01396155
0.01496077
0.01296544
0.01296353
0.01396346
0.01296520
0.01396513
0.01396084
0.01399374
0.01496005
0.01396251
0.01296496
0.01296496
0.01397061
0.01296616
0.01296282
0.01396108
0.01296496
0.01296592
0.01296544
0.01296306
0.01296592
0.01496100
0.01296544
0.01396275
0.01396084
0.01434278
0.01396251
0.01396108
0.01296329
0.01496243
0.01396036
0.01247478
0.01296520
0.01495790
0.01396489
0.01296639
0.01196718
0.01399231
0.01396155
0.01296592
0.01296639
0.01300097
0.01396275
0.01396394
0.01399136
0.01395965
0.01392174
0.01296592
0.01396298
0.01196718
0.01496720
0.01396251
0.01296401
0.01395917
0.01396370
0.01396060
0.01496339
0.01396298
0.01296687
0.01496029
0.01396465
0.01296496
0.01395869
0.01396322
0.01496148
0.01496053
0.01296568
0.01392913
0.01396489
0.01296520
0.01396418
0.01396203
0.01396751
0.01496243
0.01296520
0.01296568
0.01396179
0.01296616
0.01296568
0.01396251
0.01396203
0.01296401
0.01299739
0.01396418
0.01293135
0.01396227
0.01396275
0.01396227
0.01595712
0.01396108
0.01495814
0.01595902
0.01395917
0.01496434
0.01695490
0.01495981
0.01595736
0.01492810
0.01895094
0.01795435
0.01596045
0.01495910
0.01596045
0.01894808
0.01396132
0.01595807
0.01795650
0.01595569
0.01495719
0.01595974
0.01396155
0.01296639
0.01396418
0.01495957
0.01296306
0.01296401
0.01395869
0.01396322
0.01296735
0.01396227
0.01595569
0.01695299
0.01495862
0.01296544
0.01296401
0.01496172
0.01296616
0.01393175
0.01396251
0.01496530
0.01396322
0.01396203
0.01595950
0.01595807
0.01492810
0.01495957
0.01296306
0.01495934
0.01496196
0.01296544
0.01296425
0.01396060
0.01296520
0.01396298
0.01496267
0.01595974
0.01296568
0.01592398
0.01595998
0.01196814
0.01296544
0.01495481
0.01296639
0.01496124
0.01495957
0.01496053
0.01396394
0.01196623
0.01296663
0.01396203
0.01396227
0.01196551
0.01299572
0.01196408
0.01296449
0.01296496
0.01196694
0.01396251
0.01595736
0.01396465
0.01296544
0.01196480
0.01296568
0.01296449
0.01196814
0.01296639
0.01396036
0.01396370
0.01396298
0.01196861
0.01496029
0.01396251
0.01196885
0.01296449
0.01396298
0.01496005
0.01296353
0.01196837
0.01296520
0.01396060
0.01196599
0.01296544
0.01395869
0.01296568
0.01296616
0.01296282
0.01197004
0.01396275
0.01196933
0.01296759
0.01296473
0.01393604
0.01396251
0.01196575
0.01296568
0.01296687
0.01296902
0.01396298
0.01196837
0.01296568
0.01496577
0.01312852
0.01196504
0.01396465
0.01296735
0.01396775
0.01496005
0.01496124
0.01495981
0.01196551
0.01296282
0.01297140
0.01299834
0.01296234
0.01394606
0.01396394
0.01396275
0.01196718
0.01296830
0.01495981
0.01296806
0.01296520
0.01296306
0.01396394
0.01495934
0.01393127
0.01396179
0.01595831
0.01396275
0.01296377
0.01396251
0.01396489
0.01496100
0.01296520
0.01396251
0.01396465
0.01595759
0.01393485
0.01296639
0.01396275
0.01396465
0.01399469
0.01396179
0.01299214
0.01396060
0.01396275
0.01496005
0.01287961
0.01396298
0.01496243
0.01248717
0.01296425
0.01396322
0.01296496
0.01296568
0.01396108
0.01492405
0.01496243
0.01495957
0.01293159
0.01396751
0.01296258
0.01296592
0.01396298
0.01296377
0.01396227
0.01617312
0.01396155
0.01296520
0.01496029
0.01495910
0.01296806
0.01395893
0.01296496
0.01396275
0.01396108
0.01296592
0.01595616
0.01499510
0.01595712
0.01396155
0.01396275
0.01396680
0.01293802
0.01396227
0.01595449
0.01595235
0.01496053
0.01299596
0.01196504
0.01296806
0.01399255
0.01296473
0.01296353
0.01496100
0.01399350
0.01396441
0.01196694
0.01396370
0.01296496
0.01199722
0.01396298
0.01258159
0.01396418
0.01399326
0.01549649
0.01396179
0.01396275
0.01296687
0.01495862
0.01396251
0.01395917
0.01496959
0.01296449
0.01296329
0.01260686
0.01296449
0.01396155
0.01347375
0.01296401
0.01496553
0.01396132
0.01196861
0.01196623
0.01399183
0.01396728
0.01296568
0.01296544
0.01296735
0.01599264
0.01396132
0.01196551
0.01296425
0.01395965
0.01396585
0.01299381
0.01293468
0.01299524
0.01396179
0.01396108
0.01296616
0.01393056
0.01595736
0.01496196
0.01296496
0.01396227
0.01399207
0.01296663
0.01299500
0.01395965
0.01396179
0.01496029
0.01296353
0.01296282
0.01431465
0.01196766
0.01495957
0.01396275
0.01496077
0.01396251
0.01296282
0.01496029
0.01396227
0.01396251
0.01354289
0.01396298
0.01296687
0.01396298
0.01396179
0.01396418
0.01396441
0.01396179
0.01299930
0.01496100
0.01397133
0.01495957
0.01296496
0.01396275
0.01496029
0.01396179
0.01196814
0.01399112
0.01396108
0.01296496
0.01296568
0.01300764
0.01496005
0.01296520
0.01396322
0.01296473
0.01396346
0.01296496
0.01396275
0.01396322
0.01496029
0.01396108
0.01396275
0.01295376
0.01499462
0.01595736
0.01496339
0.01296377
0.01496100
0.01396394
0.01296473
0.01296496
0.01396418
0.01396227
0.01496053
0.01296520
0.01495743
0.01496243
0.01296663
0.01254892
0.01398969
0.01296973
0.01695490
0.01495981
0.01296401
0.01399088
0.01499534
0.01495934
0.01396203
0.01296473
0.01496601
0.01396036
0.01393104
0.01695561
0.01895094
0.01547122
0.01595592
0.01496196
0.01495576
0.01695347
0.01695514
0.01695514
0.01695132
0.01836610
0.01396227
0.01496053
0.01695013
0.01495957
0.01396203
0.01296544
0.01395774
0.01396370
0.01296687
0.01396251
0.01296329
0.01595473
0.01496506
0.01296663
0.01296377
0.01496148
0.01296735
0.01196575
0.01196599
0.01296473
0.01296473
0.01396275
0.01196742
0.01393080
0.01595831
0.01396441
0.01196814
0.01368666
0.01496291
0.01296520
0.01296520
0.01299429
0.01396060
0.01396322
0.01296496
0.01296663
0.01399255
0.01396799
0.01399374
0.01296616
0.01396298
0.01296473
0.01396298
0.01296520
0.01395345
0.01296663
0.01495957
0.01396322
0.01296520
0.01496363
0.01396203
0.01296711
0.01298475
0.01396227
0.01396227
0.01296973
0.01296997
0.01495957
0.01196837
0.01296091
0.01396132
0.01297045
0.01495838
0.01296759
0.01595616
0.01495934
0.01296234
0.01296473
0.01496077
0.01496148
0.01196837
0.01399302
0.01399255
0.01296711
0.01296496
0.01396298
0.01396251
0.01296902
0.01396489
0.01396227
0.01397491
0.01496148
0.01296759
0.01369452
0.01495767
0.01396322
0.01396322
0.01395893
0.01493096
0.01396346
0.01496315
0.01396537
0.01396441
0.01196885
0.01396346
0.01296234
0.01259947
0.01495957
0.01396441
0.01299214
0.01396203
0.01396465
0.01296425
0.01396251
0.01495957
0.01296878
0.01595831
0.01300335
0.01396275
0.01396394
0.01396394
0.01296544
0.01299739
0.01495957
0.01396370
0.01296544
0.01396060
0.01296663
0.01396370
0.01396275
0.01296496
0.01396489
0.01392937
0.01296639
0.01395011
0.01296401
0.01595783
0.01595879
0.01296520
0.01299500
0.01396394
0.01495934
0.01495957
0.01396179
0.01293468
0.01296496
0.01496172
0.01296520
0.01396179
0.01399493
0.01396227
0.01296449
0.01296639
0.01496029
0.01296687
0.01396751
0.01496005
0.01396370
0.01499152
0.01296544
0.01296282
0.01605892
0.01609015
0.01595783
0.01296473
0.01396322
0.01395917
0.01296520
0.01396132
0.01495624
0.01595092
0.01396370
0.01299214
0.01296258
0.01496220
0.01396418
0.01296544
0.01495647
0.01396155
0.01396704
0.01396132
0.01296329
0.01495624
0.01496220
0.01495838
0.01396203
0.01498771
0.01496291
0.01296568
0.01396346
0.01496005
0.01498890
0.01396203
0.01496124
0.01296210
0.01495838
0.01595759
0.01296544
0.01495886
0.01396346
0.01595879
0.01396227
0.01296401
0.01396155
0.01296496
0.01296520
0.01396298
0.01399565
0.01396418
0.01296544
0.01296520
0.01296473
0.01299644
0.01296353
0.01396418
0.01293898
0.01495886
0.01396179
0.01296401
0.01595712
0.01396108
0.01296449
0.01296735
0.01398849
0.01596427
0.01296592
0.01296473
0.01296639
0.01496100
0.01496172
0.01396251
0.01396251
0.01396346
0.01396251
0.01496005
0.01393104
0.01595592
0.01396394
0.01451111
0.01296425
0.01496196
0.01296377
0.01296520
0.01296473
0.01392508
0.01436114
0.01496029
0.01496029
0.01296329
0.01496243
0.01495862
0.01495934
0.01299381
0.01395893
0.01396298
0.01396203
0.01296473
0.01396322
0.01396108
0.01495910
0.01296401
0.01299191
0.01495910
0.01396179
0.01296568
0.01496029
0.01595759
0.01496220
0.01296520
0.01410341
0.01396632
0.01496029
0.01496053
0.01296425
0.01296568
0.01496005
0.01296592
0.01396322
0.01396203
0.01496077
0.01296616
0.01396227
0.01296735
0.01396704
0.01296687
0.01296401
0.01296782
0.01396608
0.01495957
0.01496124
0.01495910
0.01396275
0.01596403
0.01296568
0.01304841
0.01296234
0.01399660
0.01296687
0.01296473
0.01396298
0.01396084
0.01396418
0.01296544
0.01396084
0.01496172
0.01296639
0.01296592
0.01396203
0.01595378
0.01396418
0.01396275
0.01396585
0.01296520
0.01496315
0.01495886
0.01296473
0.01396227
0.01596808
0.01496053
0.01296425
0.01396132
0.01496053
0.01296520
0.01296520
0.01347327
0.01296449
0.01396751
0.01396632
0.01396084
0.01496029
0.01495266
0.01695561
0.01396012
0.01296353
0.01596022
0.01396370
0.01595449
0.01498604
0.01895046
0.01895165
0.01795411
0.01595497
0.01894927
0.01496243
0.01596093
0.01695490
0.01695442
0.01895070
0.01795697
0.01795292
0.01396489
0.01396251
0.01296473
0.01296473
0.01396370
0.01396132
0.01496124
0.01296425
0.01296473
0.01296425
0.01495910
0.01396775
0.01299477
0.01196790
0.01396227
0.01396012
0.01495981
0.01196909
0.01396036
0.01574230
0.01496339
0.01496005
0.01296520
0.01396132
0.01396132
0.01396227
0.01296377
0.01496100
0.01395988
0.01396275
0.01396298
0.01395440
0.01496482
0.01496005
0.01396346
0.01296544
0.01595736
0.01299810
0.01395941
0.01296353
0.01495600
0.01595879
0.01595902
0.01396251
0.01296473
0.01396394
0.01296520
0.01296449
0.01396132
0.01495671
0.01399684
0.01396298
0.01296329
0.01296854
0.01596212
0.01296544
0.01296639
0.01396346
0.01418257
0.01496053
0.01396275
0.01296234
0.01396298
0.01396346
0.01396132
0.01296735
0.01596045
0.01493096
0.01496148
0.01296544
0.01598787
0.01393366
0.01396489
0.01495695
0.01596141
0.01393247
0.01296496
0.01396346
0.01496029
0.01299524
0.01396251
0.01299810
0.01296544
0.01496124
0.01396251
0.01296473
0.01495719
0.01296449
0.01596189
0.01396155
0.01396275
0.01496005
0.01495910
0.01296449
0.01296425
0.01396298
0.01396680
0.01296496
0.01396179
0.01296353
0.01396227
0.01296616
0.01296449
0.01396227
0.01495981
0.01496053
0.01296496
0.01396394
0.01299667
0.01299596
0.01343656
0.01396179
0.01396227
0.01496315
0.01296377
0.01595712
0.01496053
0.01496077
0.01396251
0.01396155
0.01495862
0.01396298
0.01296592
0.01395798
0.01596451
0.01396132
0.01296544
0.01396179
0.01396251
0.01396322
0.01296592
0.01299858
0.01395583
0.01496243
0.01399064
0.01296353
0.01296544
0.01498795
0.01396275
0.01396179
0.01396298
0.01894689
0.01698589
0.01399231
0.01496053
0.01496243
0.01596212
0.01496005
0.01296520
0.01396394
0.01492548
0.01293516
0.01296353
0.01495409
0.01595998
0.01296616
0.01496005
0.01396799
0.01496029
0.01496458
0.01396227
0.01493001
0.01496077
0.01296568
0.01296639
0.01292992
0.01395869
0.01396322
0.01396179
0.01395988
0.01495981
0.01496100
0.01396847
0.01296210
0.01495886
0.01496005
0.01396346
0.01296973
0.01295972
0.01396251
0.01396441
0.01296544
0.01530671
0.01496077
0.01396823
0.01296496
0.01396275
0.01396275
0.01496029
0.01396251
0.01396036
0.01396322
0.01496077
0.01396275
0.01296687
0.01399136
0.01396346
0.01396227
0.01296568
0.01496077
0.01596236
0.01495910
0.01296520
0.01299644
0.01496005
0.01296592
0.01396227
0.01695323
0.01396203
0.01396537
0.01396465
0.01296449
0.01296520
0.01396132
0.01296568
0.01396108
0.01396322
0.01337695
0.01396298
0.01293659
0.01396108
0.01496172
0.01396298
0.01296449
0.01396155
0.01495957
0.01496172
0.01396084
0.01296687
0.01296949
0.01496196
0.01396275
0.01495838
0.01496029
0.01496148
0.01396370
0.01296520
0.01396108
0.01396108
0.01396275
0.01396298
0.01496029
0.01296902
0.01396441
0.01296568
0.01299810
0.01297402
0.01299405
0.01296639
0.01296377
0.01296568
0.01396418
0.01296329
0.01296329
0.01396346
0.01496339
0.01296449
0.01396012
0.01296306
0.01396298
0.01396251
0.01396275
0.01396227
0.01423812
0.01396322
0.01296568
0.01295328
0.01296401
0.01300025
0.01296401
0.01396227
0.01396561
0.01396585
0.01496339
0.01296449
0.01396322
0.01396370
0.01197100
0.01293111
0.01354623
0.01496077
0.01296473
0.01296520
0.01296449
0.01495695
0.01396322
0.01396275
0.01296449
0.01396227
0.01347280
0.01296663
0.01296282
0.01347041
0.01196909
0.01196790
0.01396346
0.01396561
0.01396275
0.01396227
0.01496077
0.01296592
0.01495934
0.01495981
0.01496053
0.01897836
0.01396298
0.01492977
0.01396513
0.01396489
0.01496482
0.01399136
0.01296496
0.01495671
0.01695776
0.01496005
0.01292396
0.01396203
0.01496100
0.01396394
0.01396298
0.01396108
0.01396418
0.01396370
0.01296568
0.01396155
0.01393008
0.01393533
0.01492834
0.01351428
0.01495934
0.01396275
0.01393604
0.01596045
0.01695395
0.01695251
0.01595807
0.01495671
0.01393318
0.01692677
0.01495910
0.01595736
0.01482606
0.01296806
0.01495981
0.01396346
0.01396012
0.01595783
0.01595378
0.01495957
0.01296496
0.01396227
0.01496768
0.01496387
0.01396370
0.01296496
0.01495886
0.01396251
0.01396155
0.01496005
0.01471925
0.01595569
0.01296449
0.01399326
0.01396251
0.01496029
0.01396561
0.01396203
0.01495886
0.01496196
0.01399374
0.01396227
0.01293707
0.01396227
0.01595998
0.01296401
0.01296401
0.01296520
0.01495838
0.01396346
0.01296401
0.01396966
0.01396465
0.01296806
0.01265287
0.01296544
0.01299858
0.01496005
0.01299882
0.01496172
0.01499248
0.01396322
0.01296473
0.01495981
0.01296091
0.01296830
0.01296568
0.01389813
0.01295900
0.01595736
0.01546717
0.01396227
0.01495910
0.01296687
0.01496315
0.01396275
0.01296520
0.01296735
0.01496196
0.01296473
0.01396298
0.01396298
0.01495886
0.01296639
0.01396179
0.01196742
0.01296210
0.01495910
0.01396251
0.01296473
0.01496124
0.01496100
0.01595783
0.01196837
0.01296425
0.01296830
0.01396132
0.01296329
0.01396179
0.01495981
0.01595807
0.01396489
0.01396179
0.01296425
0.01495957
0.01496148
0.01296496
0.01296687
0.01396489
0.01596284
0.01495910
0.01296401
0.01496005
0.01495934
0.01296544
0.01496100
0.01495743
0.01396298
0.01396346
0.01296353
0.01496005
0.01496029
0.01396251
0.01396298
0.01296353
0.01547384
0.01396179
0.01296282
0.01396108
0.01396227
0.01495957
0.01495957
0.01399040
0.01595736
0.01396418
0.01396322
0.01495981
0.01495910
0.01496363
0.01396179
0.01396155
0.01595616
0.01596212
0.01496243
0.01296544
0.01496124
0.01595664
0.01396298
0.01495743
0.01396036
0.01595688
0.01396298
0.01495981
0.01399422
0.01595783
0.01396704
0.01296401
0.01296449
0.01396966
0.01495981
0.01495910
0.01396441
0.01396322
0.01296425
0.01496077
0.01396203
0.01396370
0.01496100
0.01496029
0.01396155
0.01296496
0.01396298
0.01396203
0.01495862
0.01296353
0.01496053
0.01396370
0.01396322
0.01396298
0.01396227
0.01495814
0.01495957
0.01396298
0.01396298
0.01596045
0.01396155
0.01396084
0.01396298
0.01495790
0.01396155
0.01396108
0.01496005
0.01496196
0.01396441
0.01296425
0.01396132
0.01296520
0.01396370
0.01296449
0.01495862
0.01296687
0.01396298
0.01396251
0.01296377
0.01396370
0.01396418
0.01496506
0.01296496
0.01296496
0.01395988
0.01496410
0.01293087
0.01495934
0.01598477
0.01496267
0.01496005
0.01313996
0.01296616
0.01393008
0.01299334
0.01396227
0.01496458
0.01496315
0.01496196
0.01296473
0.01495934
0.01496267
0.01296473
0.01396060
0.01296759
0.01496220
0.01495767
0.01296520
0.01396036
0.01495981
0.01495886
0.01296663
0.01396227
0.01396418
0.01496124
0.01296759
0.01296568
0.01496029
0.01396298
0.01396465
0.01296425
0.01396060
0.01399136
0.01495934
0.01293325
0.01296449
0.01396275
0.01496053
0.01396179
0.01495886
0.01295757
0.01495910
0.01296782
0.01296377
0.01396203
0.01496100
0.01498914
0.01396227
0.01496029
0.01595831
0.01547480
0.01496387
0.01399088
0.01495957
0.01499367
0.01296616
0.01296377
0.01296663
0.01396251
0.01396179
0.01296544
0.01393247
0.01396489
0.01296616
0.01496243
0.01396251
0.01495981
0.01296544
0.01496053
0.01396060
0.01296544
0.01495838
0.01396322
0.01496029
0.01296616
0.01396728
0.01296425
0.01496029
0.01296544
0.01396132
0.01297069
0.01396322
0.01496029
0.01495862
0.01396251
0.01595950
0.01496100
0.01396132
0.01496434
0.01495862
0.01492786
0.01296544
0.01495934
0.01595831
0.01492691
0.01296735
0.01395941
0.01296425
0.01595664
0.01296830
0.01296616
0.01396227
0.01495743
0.01196647
0.01296496
0.01395226
0.01396370
0.01396108
0.01396060
0.01396132
0.01496220
0.01296639
0.01265812
0.01396275
0.01296759
0.01595807
0.01396275
0.01496291
0.01694798
0.01596260
0.01595759
0.01495957
0.01495957
0.01596856
0.01496053
0.01495814
0.01692510
0.01595473
0.01396513
0.01396346
0.01296520
0.01396585
0.01396108
0.01293659
0.01196647
0.01396108
0.01496124
0.01396489
0.01396465
0.01296449
0.01496100
0.01499200
0.01196790
0.01296616
0.01396561
0.01296449
0.01296639
0.01396155
0.01496387
0.01496029
0.01396251
0.01196718
0.01296592
0.01396418
0.01296616
0.01299620
0.01396227
0.01396203
0.01396251
0.01496005
0.01396346
0.01480317
0.01296639
0.01495981
0.01296282
0.01396298
0.01396132
0.01296568
0.01396036
0.01595640
0.01495981
0.01496148
0.01396084
0.01495934
0.01595879
0.01496005
0.01296544
0.01595879
0.01496077
0.01399708
0.01495934
0.01296496
0.01496148
0.01496077
0.01396179
0.01296282
0.01299739
0.01296568
0.01399565
0.01396155
0.01396489
0.01296401
0.01396132
0.01495862
0.01396298
0.01396322
0.01296568
0.01396346
0.01296592
0.01496029
0.01296449
0.01396322
0.01396251
0.01296329
0.01296544
0.01495934
0.01496077
0.01399374
0.01396465
0.01395988
0.01395750
0.01396656
0.01296425
0.01496553
0.01695299
0.01496959
0.01396322
0.01299858
0.01495552
0.01599216
0.01498961
0.01299357
0.01396132
0.01296401
0.01396227
0.01396227
0.01496243
0.01495981
0.01405358
0.01495910
0.01683259
0.01595545
0.01296639
0.01495790
0.01496172
0.01695347
0.01496172
0.01296425
0.01496077
0.01396108
0.01696181
0.01296520
0.01595855
0.01495457
0.01495767
0.01695538
0.01695418
0.01698565
0.01596165
0.01596117
0.01395845
0.01695275
0.01695609
0.01396489
0.01396203
0.01495957
0.01409626
0.01296544
0.01399136
0.01496172
0.01393294
0.01196837
0.01396728
0.01794648
0.01496148
0.01296449
0.01296496
0.01396370
0.01396346
0.01297259
0.01296449
0.01495981
0.01547170
0.01496387
0.01296544
0.01296520
0.01396418
0.01496291
0.01396370
0.01495886
0.01595783
0.01396561
0.01396346
0.01196456
0.01396441
0.01496387
0.01296616
0.01396132
0.01495910
0.01501369
0.01496434
0.01496053
0.01695347
0.01695561
0.02387261
0.01678419
0.01596069
0.01471686
0.01790738
0.01632524
0.01296473
0.01518273
0.01562262
0.01499271
0.01396394
0.01396322
0.01296306
0.01396179
0.01396227
0.01450777
0.01296258
0.01292443
0.01560593
0.01496029
0.01381063
0.01396561
0.01296759
0.01443982
0.01595879
0.01396227
0.01547122
0.01396298
0.01396179
0.01495910
0.01496029
0.01396322
0.01293230
0.01595664
0.01496053
0.01495981
0.01296592
0.01396036
0.01296067
0.01421309
0.01795435
0.01428604
0.01680088
0.01794672
0.01495981
0.01694560
0.01795053
0.01894855
0.01756024
0.01695299
0.01296616
0.01496053
0.01596045
0.01496100
0.01595879
0.01396179
0.01495862
0.01495790
0.01496267
0.01396155
0.01496148
0.01293397
0.01495695
0.01396036
0.01596332
0.01398921
0.01358342
0.01832867
0.01795268
0.01496434
0.01595855
0.01495695
0.01695228
0.01496196
0.01784062
0.01495981
0.01595545
0.01795578
0.01495981
0.01695514
0.01520205
0.01795197
0.01604295
0.01477742
0.01579332
0.02393532
0.01795149
0.01904154
0.01554799
0.01794219
0.01647043
0.01695514
0.01595521
0.01496291
0.01296544
0.01595592
0.01396298
0.01496029
0.01496172
0.01496077
0.01496148
0.01396346
0.01396275
0.01396394
0.01396489
0.01396513
0.01399589
0.01496530
0.01496077
0.01356220
0.01695228
0.01595736
0.02094579
0.02493024
0.02294517
0.01774240
0.01994872
0.02194667
0.01695561
0.02293992
0.02093410
0.01994872
0.01895070
0.01795793
0.01695299
0.01894760
0.01695323
0.01695871
0.01495528
0.01696825
0.01397753
0.01396394
0.01396513
0.01396275
0.01597190
0.01296473
0.01595330
0.01495576
0.01695085
0.01695967
0.01994491
0.01493168
0.01696301
0.01595974
0.01296544
0.01698422
0.01595855
0.01695633
0.01396179
0.01395607
0.01595712
0.01496148
0.01793313
0.01595473
0.02294397
0.01396775
0.02493334
0.01973557
0.01695514
0.02094007
0.02294207
0.02294326
0.01994514
0.02293897
0.03192258
0.03191352
0.01895022
0.02592802
0.02393341
0.01695418
0.01496267
0.01396346
0.01495743
0.01296401
0.01296091
0.01595569
0.01495790
0.01595688
0.01296711
0.01695871
0.01695418
0.01296377
0.01994205
0.01496029
0.01894879
0.01595759
0.01696301
0.01795125
0.01296568
0.01496243
0.01596761
0.01595569
0.01396251
0.01795483
0.01495266
0.01396680
0.01695609
0.01396656
0.01396513
0.01695704
0.01349425
0.01396346
0.01496387
0.01496530
0.01298690
0.01296258
0.01695848
0.01300073
0.01595235
0.01495266
0.01196766
0.01299834
0.01396418
0.01497293
0.01496220
0.01396108
0.01525784
0.01595688
0.01196742
0.01196599
0.01599264
0.01599216
0.01595068
0.01395869
0.01495838
0.01495600
0.01496029
0.01495910
0.01496077
0.01497746
0.01595950
0.01196694
0.01495934
0.01387095
0.01495147
0.01395965
0.01678014
0.01396012
0.01471543
0.01296520
0.01496077
0.01895618
0.01296878
0.01296592
0.01296258
0.01396465
0.01192880
0.01296520
0.01395941
0.01695561
0.01499653
0.01396441
0.01296782
0.01794887
0.01396155
0.01496029
0.01196909
0.01297283
0.01396179
0.01496363
0.01899076
0.02094531
0.01795292
0.01596093
0.01795197
0.01894855
0.01994348
0.02094340
0.01795316
0.02294040
0.01895499
0.02393079
0.02017760
0.01595569
0.02094340
0.02444959
0.02592874
0.01496029
0.02094293
0.01396203
0.01794672
0.01596141
0.01396203
0.01595712
0.01695347
0.01595688
0.01496053
0.01296163
0.01695585
0.01794767
0.01296306
0.01595140
0.01399469
0.01695514
0.01396251
0.01596260
0.01196623
0.01595664
0.01297569
0.01400423
0.01495886
0.01297402
0.01395917
0.01197219
0.01296854
0.01453829
0.01995039
0.01795697
0.01396179
0.01396346
0.01396179
0.01695585
0.01527381
0.01296520
0.01396179
0.01449800
0.01296258
0.01196861
0.01129103
0.01495576
0.01396012
0.01496243
0.01695061
0.01296687
0.01695466
0.01296949
0.01396608
0.01293993
0.01296425
0.01296759
0.01196694
0.01296520
0.01496148
0.01396155
0.01496649
0.01496291
0.01396608
0.01396370
0.01218629
0.01297069
0.01196814
0.01196384
0.01296663
0.01194930
0.01396036
0.01396084
0.01296401
0.01595831
0.01695585
0.01496387
0.01296401
0.01596570
0.01596594
0.01695514
0.01408458
0.01595163
0.01293373
0.01794958
0.01296687
0.01396418
0.01594925
0.01495600
0.01196885
0.01297092
0.01296592
0.01695704
0.01296663
0.01396275
0.01296473
0.01496696
0.01296473
0.01496029
0.01592731
0.01695490
0.01396275
0.01561165
0.01196718
0.01396036
0.01695442
0.01894951
0.01396275
0.01496029
0.01496029
0.01555204
0.01296544
0.01296782
0.01299453
0.01596165
0.01396108
0.01794314
0.01695228
0.01499152
0.01296687
0.01299572
0.01495481
0.01595926
0.01318574
0.01396036
0.01296449
0.01546526
0.01795387
0.01595569
0.01595855
0.01595783
0.01395869
0.01296973
0.01296306
0.01296568
0.01496196
0.01465178
0.01396728
0.01296401
0.01296544
0.01196790
0.01396561
0.01395178
0.01399207
0.01496029
0.01297140
0.01196599
0.02293563
0.01396489
0.01695466
0.01496124
0.01396441
0.01596093
0.01496172
0.01296949
0.01382756
0.01595616
0.01894832
0.01396823
0.01495790
0.01296735
0.01595950
0.01695347
0.01695347
0.01991320
0.01396036
0.01296139
0.01495862
0.01396537
0.01396894
0.01296473
0.01595497
0.01500487
0.01695490
0.01196861
0.01196814
0.01495767
0.01495695
0.01396370
0.01296663
0.01296282
0.01695442
0.01592708
0.01196861
0.01296592
0.01396441
0.01097059
0.01296425
0.01296854
0.01297045
0.01694894
0.01698756
0.01295877
0.01695991
0.01694942
0.01499104
0.01296306
0.01592398
0.01596999
0.01696944
0.01396251
0.01293230
0.01396608
0.01247549
0.01396227
0.01393199
0.01694798
0.01595497
0.01397276
0.01695085
0.01596689
0.01695585
0.01495957
0.01496053
0.01396370
0.01596308
0.02095079
0.01795149
0.01994872
0.01595783
0.01794529
0.01795506
0.02094412
0.01795506
0.02193785
0.02094293
0.01994848
0.02493310
0.02195168
0.02094150
0.01994753
0.01396537
0.01695871
0.02293825
0.01695800
0.01795483
0.01595950
0.01896119
0.01496053
0.01495910
0.01595187
0.01495624
0.01396465
0.01595831
0.01595902
0.01895165
0.01296568
0.01795721
0.01595807
0.01795101
0.01495862
0.01595688
0.01695180
0.01396847
0.01296592
0.01396036
0.01497173
0.01396132
0.01495934
0.01603198
0.01692033
0.01401043
0.01396275
0.01600003
0.01894498
0.01894808
0.02892256
0.03590155
0.02094102
0.01695561
0.01495767
0.01496720
0.01597691
0.01595783
0.01296449
0.01895642
0.01595235
0.01395988
0.01495814
0.01694751
0.01894927
0.01495910
0.01296616
0.01695681
0.01894903
0.01299858
0.01492500
0.01595950
0.01595163
0.01845932
0.01296663
0.01695347
0.01196599
0.01495862
0.01894307
0.01396251
0.01595736
0.01496196
0.01396227
0.01396275
0.01596141
0.01695514
0.01196647
0.01496387
0.01396060
0.01396275
0.01496029
0.01396179
0.01296329
0.01295710
0.01495934
0.01196694
0.01496339
0.01396346
0.01196432
0.01396036
0.01701212
0.01253653
0.01396132
0.01196432
0.01296544
0.01296568
0.01296401
0.01196575
0.01299620
0.01296449
0.01196790
0.01296353
0.01296282
0.01296759
0.01196814
0.01196909
0.01396251
0.01396275
0.01196885
0.01196599
0.01196933
0.01396155
0.01296592
0.01396298
0.01296329
0.01396322
0.01269937
0.01396108
0.01396418
0.01396060
0.01396251
0.01396418
0.01296377
0.01395822
0.01296401
0.01296568
0.01293635
0.01297283
0.01595902
0.01443458
0.01382256
0.01296401
0.01396298
0.01296592
0.01296544
0.01296854
0.01396275
0.01396132
0.01396132
0.01296425
0.01396108
0.01396298
0.01396704
0.01447678
0.01296449
0.01496148
0.01296878
0.01395965
0.01296616
0.01396132
0.01495957
0.01396346
0.01496053
0.01496100
0.01196933
0.01296353
0.01396394
0.01396298
0.01496124
0.01495862
0.01495552
0.01595664
0.01396465
0.01496029
0.01196742
0.01396489
0.01396370
0.01399112
0.01296735
0.01396561
0.01396132
0.01396275
0.01296473
0.01396346
0.01296473
0.01396132
0.01396298
0.01296449
0.01496053
0.01396203
0.01297045
0.01397800
0.01399374
0.01393318
0.01630974
0.01296544
0.01396918
0.01326370
0.01495576
0.01396132
0.01495934
0.01396108
0.01296425
0.01396203
0.01296663
0.01296353
0.01517582
0.01296473
0.01396632
0.01296401
0.01396465
0.01396489
0.01495934
0.01396513
0.01396728
0.01595831
0.01795268
0.01700258
0.01465678
0.01894951
0.01396322
0.01296568
0.01296377
0.01296377
0.01296353
0.01396227
0.01296473
0.01495910
0.01396275
0.01495934
0.01396346
0.01418161
0.01874256
0.01795053
0.01762795
0.01695538
0.01590395
0.01660585
0.01595807
0.01695561
0.01464057
0.01496148
0.01695323
0.01895094
0.01963615
0.01575637
0.01895809
0.01506710
0.01407647
0.01296544
0.01682091
0.01381660
0.01453018
0.01296496
0.01595712
0.01496100
0.01447821
0.01596022
0.01795316
0.01595736
0.01695395
0.01396251
0.01218653
0.01496220
0.01496243
0.01495814
0.01282811
0.01347756
0.01496100
0.01396251
0.01296449
0.01396275
0.01496458
0.01495862
0.01196790
0.01396203
0.01595569
0.01596284
0.01393080
0.01396155
0.01456642
0.01296711
0.01396298
0.01296449
0.01595759
0.01535773
0.01510072
0.01439071
0.01396298
0.01620007
0.01495910
0.01351881
0.01396394
0.01396775
0.01296687
0.01296592
0.01350021
0.01396370
0.01526284
0.01296234
0.01396370
0.01495981
0.01694727
0.01595664
0.01423430
0.01395965
0.01399589
0.01396275
0.01396441
0.01496029
0.01496291
0.01695895
0.01457477
0.01296329
0.01296449
0.01396203
0.01296544
0.01396489
0.01495886
0.01396370
0.01621914
0.01396179
0.01495814
0.01595807
0.01296520
0.01396203
0.01496029
0.01396298
0.01296353
0.01393390
0.01396298
0.01495981
0.01296616
0.01495957
0.01695681
0.01592207
0.01495886
0.01595926
0.01595283
0.01494312
0.01495957
0.01395440
0.01595712
0.01495910
0.01397681
0.01495814
0.01496100
0.01396275
0.01396227
0.01396179
0.01396418
0.01496100
0.01296568
0.01396179
0.01396441
0.01459074
0.01296496
0.01296401
0.01595259
0.01396084
0.01496148
0.01495981
0.01296473
0.01396656
0.01296520
0.01496100
0.01396036
0.01495838
0.01396155
0.01496005
0.01495719
0.01496172
0.01496482
0.01598883
0.01293588
0.01399016
0.01396275
0.01396179
0.01396084
0.01595831
0.01396370
0.01396346
0.01296544
0.01396203
0.01396275
0.01396441
0.01296425
0.01396155
0.01396275
0.01396179
0.01296496
0.01296401
0.01396346
0.01399446
0.01492786
0.01396251
0.01496005
0.01695442
0.01296496
0.01396322
0.01396132
0.01496315
0.01695490
0.01496148
0.01695442
0.01495981
0.01396298
0.01396203
0.01396179
0.01595759
0.01496100
0.01496053
0.01396465
0.01495552
0.01595449
0.01396370
0.01299715
0.01396203
0.01396298
0.01495910
0.01396322
0.01395440
0.01695752
0.01596498
0.01496291
0.01296592
0.01396322
0.01396251
0.01396656
0.01296520
0.01492715
0.01296353
0.01496029
0.01296592
0.01295900
0.01396322
0.01396298
0.01296544
0.01396441
0.01396155
0.01296616
0.01296401
0.01296449
0.01396346
0.01396179
0.01296568
0.01495957
0.01296115
0.01447558
0.01396656
0.01299453
0.01553512
0.01495743
0.01296449
0.01296544
0.01396251
0.01396561
0.01396394
0.01396322
0.01495910
0.01396203
0.01595664
0.01296902
0.01396155
0.01396251
0.01595950
0.01496172
0.01296425
0.01598954
0.01396322
0.01396465
0.01348329
0.01296425
0.01642370
0.01296806
0.01242280
0.01196742
0.01396203
0.01436067
0.01296520
0.01296377
0.01296639
0.01396251
0.01496196
0.01296449
0.01595688
0.01396298
0.01393223
0.01296520
0.01396489
0.01296735
0.01296520
0.01396298
0.01196814
0.01495743
0.01496434
0.01496077
0.01296353
0.01495934
0.01695633
0.01495194
0.01296496
0.01396203
0.01447439
0.01396298
0.01296496
0.01495862
0.01396418
0.01296759
0.01296401
0.01396179
0.01595998
0.01396275
0.01296449
0.01296544
0.01595664
0.01496077
0.01396251
0.01298952
0.01495910
0.01396370
0.01296401
0.01396132
0.01396227
0.01396227
0.01299763
0.01296258
0.01296544
0.01496172
0.01396394
0.01396012
0.01396179
0.01496124
0.01396608
0.01296282
0.01396275
0.01396203
0.01396298
0.01296425
0.01396108
0.01496220
0.01296687
0.01493001
0.01347470
0.01396298
0.01396179
0.01296568
0.01396060
0.01396275
0.01396298
0.01296425
0.01396465
0.01495767
0.01296616
0.01296329
0.01595831
0.01496553
0.01296687
0.01296401
0.01397204
0.01496100
0.01297069
0.01296663
0.01296329
0.01595902
0.01396370
0.01496053
0.01396227
0.01595640
0.01499152
0.01396370
0.01396227
0.01495886
0.01396227
0.01495886
0.01596022
0.01496005
0.01393199
0.01396251
0.01496124
0.01299691
0.01296473
0.01396298
0.01596069
0.01595902
0.01496100
0.01296258
0.01396298
0.01396298
0.01396465
0.01296639
0.01396275
0.01396561
0.01396179
0.01396227
0.01296139
0.01496077
0.01496387
0.01396298
0.01392984
0.01296473
0.01396322
0.01258636
0.01396251
0.01396155
0.01396251
0.01496267
0.01296735
0.01495838
0.01396418
0.01296496
0.01396060
0.01396251
0.01393390
0.01296282
0.01396394
0.01393080
0.01296592
0.01399398
0.01496124
0.01299548
0.01296520
0.01454520
0.01396346
0.01396251
0.01396227
0.01396036
0.01496410
0.01496053
0.01296353
0.01296568
0.01496768
0.01396656
0.01296568
0.01296496
0.01396251
0.01396227
0.01495934
0.01296425
0.01396251
0.01495671
0.01595640
0.01396394
0.01396084
0.01496053
0.01496506
0.01296496
0.01396251
0.01497459
0.01396489
0.01296401
0.01296329
0.01396370
0.01296568
0.01296544
0.01395917
0.01396394
0.01496100
0.01396298
0.01396155
0.01496029
0.01564169
0.01496243
0.01296544
0.01595473
0.01396489
0.01499605
0.01296544
0.01396155
0.01396465
0.01499152
0.01596379
0.01392627
0.01598454
0.01546955
0.01695633
0.01595545
0.01446533
0.01592445
0.01595592
0.01496291
0.01396227
0.01396012
0.01496148
0.01496124
0.01296520
0.01396441
0.01299238
0.01495790
0.01296544
0.01395893
0.01299644
0.01496077
0.01496053
0.01496148
0.01296496
0.01396251
0.01496196
0.01396298
0.01296639
0.01296353
0.01495838
0.01396680
0.01296616
0.01296496
0.01396132
0.01496029
0.01396346
0.01396155
0.01495981
0.01496196
0.01595879
0.01296520
0.01396203
0.01496410
0.01495934
0.01396012
0.01385021
0.01396227
0.01496029
0.01396227
0.01393104
0.01393390
0.01496053
0.01296711
0.01296401
0.01396132
0.01396322
0.01396394
0.01595664
