0.00598311
0.01296473
0.01296401
0.01595688
0.01496005
0.01396298
0.01396370
0.01396346
0.01496005
0.01496077
0.01496100
0.01495814
0.01595402
0.01396394
0.01396346
0.01495719
0.01396513
0.01595688
0.01496220
0.01396132
0.01495862
0.01595545
0.01495886
0.01495838
0.01496387
0.01495957
0.01595736
0.01396060
0.01495886
0.01396203
0.01396179
0.01296282
0.01496077
0.01595950
0.01296616
0.01396322
0.01595020
0.01496124
0.01595855
0.01396465
0.01595831
0.01695585
0.01643181
0.01695299
0.01596189
0.01796365
0.01595616
0.01495790
0.01595712
0.01496148
0.01695442
0.01495934
0.01496029
0.01495957
0.01695442
0.01598763
0.01396394
0.01296425
0.01597095
0.01499414
0.01796031
0.01495957
0.01797771
0.01695466
0.01595712
0.01698327
0.01595545
0.01795387
0.01496077
0.01595712
0.01595688
0.01396513
0.01495838
0.01495886
0.01595759
0.01495957
0.01495934
0.01695609
0.01695633
0.01495790
0.01894569
0.01695776
0.01595783
0.01595688
0.01519465
0.01496315
0.01496077
0.01595402
0.01599026
0.01695609
0.01595688
0.01695752
0.01495790
0.01492929
0.01695538
0.01598668
0.01498842
0.01496148
0.01795077
0.01595831
0.01496029
0.01695395
0.01692271
0.01695323
0.01595592
0.01695275
0.01695371
0.01695585
0.01624346
0.01498938
0.01495790
0.01553488
0.01795125
0.01495886
0.01595807
0.01795197
0.01595902
0.01598978
0.01695037
0.01596260
0.01496077
0.01595855
0.01695514
0.01496124
0.01795030
0.01795030
0.01596022
0.01595736
0.01545548
0.01795173
0.01695442
0.01495910
0.01694942
0.01595736
0.01695466
0.01595664
0.01795101
0.01991343
0.01795173
0.01795149
0.01595497
0.01695466
0.01595712
0.01695776
0.01894927
0.01997828
0.01795387
0.01595688
0.01695418
0.01891804
0.01661062
0.01595879
0.01852250
0.01894760
0.01719379
0.01695323
0.01595712
0.01994824
0.01695514
0.01795149
0.01695371
0.01695418
0.01795220
0.01795053
0.01695395
0.01695514
0.01994562
0.01900220
0.01795197
0.01695609
0.01795197
0.01695514
0.01595759
0.01695585
0.01771283
0.01894951
0.01595879
0.01811504
0.01894951
0.01994705
0.01894999
0.01895046
0.01994729
0.01994658
0.02094412
0.01894999
0.01994658
0.01894903
0.01895070
0.01891565
0.01895094
0.02094388
0.02094865
0.01991653
0.01894808
0.01994634
0.02194071
0.01994967
0.01894975
0.02194309
0.01994658
0.02095652
0.01795244
0.01994610
0.02094388
0.01895237
0.01997662
0.01798320
0.01994634
0.01894736
0.01695466
0.01994562
0.01994443
0.01955056
0.01695609
0.01894760
0.01894903
0.01894784
0.01895189
0.01795244
0.02094483
0.01995015
0.01795197
0.01795077
0.02293777
0.02094054
0.02193165
0.01994729
0.01894546
0.01855779
0.02296925
0.01994658
0.01994467
0.02197003
0.01998210
0.01926565
0.02493358
0.02094078
0.02097988
0.01894927
0.01994753
0.02194095
0.02094078
0.02094412
0.01795077
0.01795077
0.01994586
0.02094316
0.01995015
0.01895022
0.01894832
0.01994681
0.02094436
0.01894999
0.01792002
0.02094364
0.01795459
0.01795149
0.01795077
0.01994681
0.01795053
0.01795363
0.01994896
0.01795244
0.01795053
0.01894903
0.01795363
0.01795292
0.01994705
0.01894903
0.01695538
0.01894593
0.02094650
0.01795173
0.01894832
0.01795220
0.01795268
0.01995945
0.01798582
0.01895022
0.01994586
0.01894808
0.01994705
0.01864219
0.01994681
0.02193975
0.01767540
0.01795268
0.02094388
0.01994753
0.01795506
0.01894975
0.01994658
0.01994681
0.02095485
0.01895022
0.02094269
0.02094197
0.02194190
0.01894975
0.01695204
0.02094388
0.02094579
0.02194166
0.01994729
0.02193880
0.01994562
0.01795435
0.01747537
0.01798296
0.01994586
0.01895118
0.01695490
0.01994753
0.01795554
0.01894951
0.01750636
0.01994634
0.01795149
0.01994514
0.01795125
0.01795149
0.01695395
0.01698542
0.01795125
0.01994634
0.02094436
0.01895237
0.01895094
0.01795006
0.02094388
0.01895118
0.01795173
0.01595545
0.01695490
0.01795268
0.01595688
0.01994658
0.01994610
0.01795530
0.01897764
0.01853085
0.01981306
0.01997924
0.01798391
0.01746273
0.01791978
0.01997638
0.01844311
0.01994872
0.01994443
0.01994514
0.02094674
0.01994681
0.01794934
0.01894975
0.01894855
0.01994610
0.01795101
0.01994348
0.01994896
0.01894903
0.01794815
0.02193975
0.02094460
0.01994705
0.01795220
0.01994348
0.01894927
0.01994586
0.01894975
0.02093959
0.02493262
0.02194047
0.02290344
0.02094197
0.02592993
0.02091002
0.02393365
0.02297139
0.01991868
0.01892138
0.02011681
0.02293801
0.02291012
0.02194381
0.01795173
0.01894879
0.02193594
0.02094674
0.01994801
0.02393651
0.02194524
0.02094531
0.01915359
0.02193284
0.01994371
0.03091478
0.02892113
0.03291345
0.02991724
0.02999330
0.01798558
0.01695418
0.01798248
0.01997828
0.01997972
0.01695442
0.01695251
0.01695395
0.02094197
0.01895475
0.01692557
0.01695013
0.01695776
0.01894832
0.01695299
0.01595926
0.01795244
0.01994920
0.01598525
0.01795030
0.01795030
0.01994610
0.01695418
0.01695395
0.01894689
0.02194333
0.01892185
0.01894951
0.01894975
0.01894927
0.01795936
0.01695991
0.01792169
0.01794982
0.01899576
0.01791978
0.01795173
0.01894927
0.01795411
0.01695251
0.01695418
0.01795244
0.01894665
0.01895237
0.01898813
0.01795292
0.01891899
0.01894712
0.01795101
0.01695657
0.02094078
0.01994681
0.01895094
0.01795173
0.01894760
0.01994514
0.01895070
0.01894975
0.01895046
0.01795506
0.02094650
0.01994991
0.01695418
0.01994753
0.01995206
0.01695395
0.02094007
0.02194262
0.02094626
0.01997399
0.01894641
0.01997948
0.01994848
0.01995254
0.01695323
0.02094245
0.01895189
0.01894808
0.01795030
0.01792169
0.01925993
0.01798081
0.01897883
0.02197576
0.02194190
0.01795626
0.01698208
0.01795125
0.01994610
0.01894975
0.01695323
0.01994634
0.01994514
0.01815033
0.01795149
0.01795053
0.01894975
0.01895070
0.01695395
0.01695418
0.02094316
0.01994395
0.01994848
0.01795053
0.02193856
0.01898098
0.01995420
0.01794887
0.01795197
0.01795316
0.01695347
0.01795173
0.01898050
0.01894879
0.01795173
0.01894879
0.02094221
0.02094650
0.01894879
0.01695275
0.01997542
0.01995182
0.01795506
0.01795244
0.01894832
0.01891780
0.01894975
0.01700854
0.01894975
0.01876473
0.01997709
0.01792288
0.01795197
0.01894832
0.02094483
0.02097940
0.01894951
0.01895094
0.02196932
0.01994848
0.01792336
0.01792145
0.02145624
0.01994967
0.01898074
0.02193928
0.02190542
0.02094364
0.01894975
0.01894760
0.01994729
0.01894832
0.01895261
0.01795387
0.01894879
0.01894927
0.01895070
0.01595712
0.01894903
0.01792192
0.01695418
0.01795149
0.01698041
0.01595855
0.01695299
0.01595855
0.01795125
0.01994753
0.01795244
0.01695442
0.01695442
0.01994586
0.01795435
0.01695466
0.01595640
0.01795173
0.01795411
0.01795053
0.01597261
0.01595545
0.01695395
0.01595688
0.01695395
0.01595354
0.01760578
0.01795506
0.01695442
0.01582003
0.01795053
0.01695728
0.01696301
0.01654887
0.01599026
0.01695251
0.01547098
0.01499128
0.01894784
0.01698589
0.01496172
0.01595497
0.01597619
0.01797938
0.01496124
0.01598620
0.01595688
0.01795268
0.01695442
0.01495886
0.01496005
0.01695395
0.01595712
0.01495910
0.01495838
0.01496029
0.01595640
0.01595688
0.01595688
0.01695347
0.01695299
0.01498723
0.01495838
0.01595616
0.01795340
0.01496077
0.01595640
0.01795125
0.01499104
0.01595688
0.01396227
0.01695848
0.01646495
0.01496053
0.01595426
0.01496339
0.01546741
0.01595783
0.01495957
0.01598263
0.01795101
0.01595664
0.01495767
0.01495743
0.01695371
0.01595759
0.01396275
0.01595712
0.01595712
0.01595855
0.01695657
0.01695585
0.01795006
0.01595831
0.01795387
0.01787996
0.01695418
0.01695657
0.01496077
