0.00398827
0.01495743
0.01393294
0.01293278
0.01496053
0.01495957
0.01496053
0.01296449
0.01558876
0.01296353
0.01492858
0.01396179
0.01296616
0.01399088
0.01396275
0.01296473
0.01296473
0.01296473
0.01396799
0.01196861
0.01196766
0.01396370
0.01396132
0.01296449
0.01296449
0.01196814
0.01296830
0.01296663
0.01296830
0.01196766
0.01299977
0.01396441
0.01296592
0.01296186
0.01196647
0.01396275
0.01396465
0.01262808
0.01200175
0.01293254
0.01396203
0.01293802
0.01496148
0.01795244
0.01771998
0.01595426
0.01595807
0.01695728
0.01994586
0.01296544
0.01595378
0.01595855
0.01396227
0.01495934
0.01495671
0.01595759
0.01396751
0.01495981
0.01296592
0.01396275
0.01296568
0.01296568
0.01296401
0.01296377
0.01299381
0.01396179
0.01396203
0.01296115
0.01396513
0.01599193
0.01396275
0.01196694
0.01396251
0.01196957
0.01296473
0.01296473
0.01396227
0.01499534
0.01396275
0.01396298
0.01296449
0.01599193
0.01396489
0.01296473
0.01496029
0.01396418
0.01354480
0.01296473
0.01396346
0.01396108
0.01396227
0.01396298
0.01299667
0.01296759
0.01396275
0.01196814
0.01396108
0.01496291
0.01496196
0.01368594
0.01392937
0.01396251
0.01396441
0.01196694
0.01296711
0.01499176
0.01396108
0.01543140
0.01495981
0.01296592
0.01496100
0.01496029
0.01296449
0.01296616
0.01492906
0.01496053
0.01398134
0.01296163
0.01396656
0.01496100
0.01396418
0.01496172
0.01296401
0.01495910
0.01396441
0.01199818
0.01293635
0.01396322
0.01396370
0.01296496
0.01296663
0.01399207
0.01396108
0.01296496
0.01492739
0.01296353
0.01396585
0.01695728
0.01299334
0.01299477
0.01396561
0.01396322
0.01396394
0.01296449
0.01496291
0.01496339
0.01296520
0.01250505
0.01396346
0.01396346
0.01396394
0.01296401
0.01499104
0.01396251
0.01396346
0.01296568
0.01296234
0.01496029
0.01396394
0.01396227
0.01296616
0.01396608
0.01496053
0.01396203
0.01296568
0.01396561
0.01396036
0.01296639
0.01296592
0.01296139
0.01393771
0.01496005
0.01296544
0.01296473
0.01496911
0.01496720
0.01396179
0.01347470
0.01296544
0.01296544
0.01296735
0.01595569
0.01396823
0.01496410
0.01599312
0.01393056
0.01393151
0.01496029
0.01396370
0.01296544
0.01396322
0.01495934
0.01396441
0.01396155
0.01396370
0.01396227
0.01495934
0.01296544
0.01595736
0.01495886
0.01595855
0.01296568
0.01495695
0.01396108
0.01296806
0.01496077
0.01396155
0.01399279
0.01595592
0.01296735
0.01396346
0.01395130
0.01496029
0.01496029
0.01495910
0.01396203
0.01396298
0.01595640
0.01396108
0.01498842
0.01595831
0.01595688
0.01393080
0.01395845
0.01496196
0.01495862
0.01496124
0.01293564
0.01396275
0.01396370
0.01695752
0.01393247
0.01396251
0.01396322
0.01496100
0.01396298
0.01495934
0.01495886
0.01496339
0.01293230
0.01293564
0.01395917
0.01396179
0.01296544
0.01296306
0.01396441
0.01596379
0.01399803
0.01396084
0.01296687
0.01496005
0.01496530
0.01296496
0.01499295
0.01499057
0.01496220
0.01396155
0.01299739
0.01496077
0.01396227
0.01296568
0.01395917
0.01396060
0.01495981
0.01396203
0.01296544
0.01396179
0.01396179
0.01504064
0.01296544
0.01396370
0.01396394
0.01495981
0.01299453
0.01496196
0.01296425
0.01293540
0.01296377
0.01396346
0.01495790
0.01495957
0.01296353
0.01396179
0.01296520
0.01393318
0.01296520
0.01395106
0.01296425
0.01396346
0.01296806
0.01496148
0.01296496
0.01396036
0.01399350
0.01196718
0.01396132
0.01396370
0.01396370
0.01296639
0.01495695
0.01396322
0.01496100
0.01396155
0.01296473
0.01293349
0.01396251
0.01498914
0.01347280
0.01396179
0.01496005
0.01496387
0.01396227
0.01299572
0.01396394
0.01396203
0.01296520
0.01396084
0.01396179
0.01396179
0.01496005
0.01382041
0.01296520
0.01596260
0.01495886
0.01296473
0.01296473
0.01396203
0.01396513
0.01296425
0.01595449
0.01495838
0.01496124
0.01293492
0.01399255
0.01296473
0.01596475
0.01396155
0.01398873
0.01399302
0.01396370
0.01495981
0.01296616
0.01396370
0.01396775
0.01496339
0.01296234
0.01296377
0.01396036
0.01396155
0.01296306
0.01196742
0.01399159
0.01296616
0.01396370
0.01295137
0.01496339
0.01296830
0.01296544
0.01296592
0.01499128
0.01396275
0.01293278
0.01495886
0.01396298
0.01396394
0.01396418
0.01395941
0.01593828
0.01595736
0.01296568
0.01496005
0.01396322
0.01293325
0.01396155
0.01595569
0.01595736
0.01393342
0.01399350
0.01396108
0.01695633
0.01592255
0.01595688
0.01695514
0.01795340
0.01494622
0.01396155
0.01695442
0.01795173
0.01396322
0.01495910
0.01495743
0.01595640
0.01296592
