0.00598359
0.01395440
0.01595831
0.01396441
0.01496100
0.01495957
0.01496267
0.01396322
0.01296663
0.01296496
0.01296568
0.01496196
0.01297045
0.01396418
0.01293445
0.01395798
0.01495981
0.01293349
0.01396012
0.01496124
0.01496124
0.01296544
0.01399231
0.01295137
0.01396966
0.01296711
0.01396060
0.01396132
0.01495838
0.01296496
0.01296425
0.01296353
0.01396179
0.01496053
0.01296520
0.01296520
0.01293731
0.01396275
0.01296449
0.01396275
0.01396203
0.01496029
0.01396298
0.01299429
0.01393247
0.01296592
0.01396513
0.01296139
0.01495481
0.01495934
0.01396370
0.01396227
0.01296520
0.01496148
0.01296616
0.01296663
0.01392984
0.01396728
0.01396394
0.01495934
0.01396346
0.01595831
0.01396275
0.01396298
0.01296496
0.01396394
0.01496124
0.01396275
0.01296449
0.01396346
0.01598811
0.01486802
0.01296449
0.01396227
0.01396585
0.01400614
0.01296544
0.01392531
0.01296163
0.01396251
0.01396203
0.01397777
0.01695442
0.01496434
0.01396251
0.01296353
0.01495934
0.01296687
0.01396561
0.01495576
0.01495862
0.01496077
0.01396513
0.01296568
0.01396227
0.01695442
0.01296377
0.01296425
0.01296496
0.01496053
0.01496339
0.01495934
0.01396251
0.01496339
0.01495981
0.01296520
0.01396179
0.01396251
0.01597261
0.01299524
0.01396203
0.01495981
0.01496053
0.01496315
0.01396036
0.01595211
0.01596141
0.01496148
0.01296496
0.01495862
0.01325941
0.01396418
0.01296544
0.01496172
0.01495981
0.01396251
0.01395774
0.01595592
0.01396489
0.01396537
0.01399565
0.01396227
0.01396322
0.01273179
0.01495957
0.01396680
0.01595998
0.01396275
0.01396513
0.01495910
0.01325083
0.01495862
0.01496267
0.01557064
0.01395750
0.01495886
0.01698732
0.01400089
0.01595807
0.01496053
0.01399493
0.01595783
0.01396513
0.01299500
0.01496029
0.01695681
0.01496172
0.01396179
0.01396155
0.01496053
0.01296473
0.01396203
0.01396203
0.01595712
0.01496005
0.01396179
0.01396179
0.01296544
0.01496029
0.01296473
0.01296449
0.01296377
0.01496172
0.01396489
0.01393294
0.01495767
0.01496601
0.01595688
0.01396298
0.01396155
0.01396608
0.01396489
0.01396203
0.01396108
0.01396108
0.01596022
0.01396918
0.01296544
0.01496053
0.01595950
0.01396322
0.01595783
0.01392746
0.01496220
0.01296639
0.01396227
0.01396346
0.01595831
0.01496172
0.01396585
0.01495814
0.01495743
0.01549935
0.01393294
0.01396132
0.01615882
0.01496029
0.01495981
0.01396346
0.01692200
0.01595807
0.01396394
0.01495981
0.01392627
0.01595855
0.01595783
0.01390195
0.01394343
0.01795292
0.01495934
0.01396298
0.01396322
0.01595759
0.01595807
0.01595759
0.01495886
0.01595783
0.01695395
0.01595783
0.01495957
0.01495886
0.01496124
0.01496100
0.01495838
0.01495934
0.01595640
0.01695395
0.01595640
0.01396179
0.01492977
0.01795387
0.01396441
0.01495361
0.01296163
0.01396179
0.01495767
0.01393437
0.01495910
0.01496267
0.01595902
0.01396298
0.01496077
