0.00498557
0.01396441
0.01296902
0.01296520
0.01495886
0.01385951
0.01396179
0.01296616
0.01296234
0.01396537
0.01496506
0.01495981
0.01396751
0.01299596
0.01396203
0.01296186
0.01495862
0.01396203
0.01408887
0.01499104
0.01296258
0.01496196
0.01396346
0.01296401
0.01495838
0.01496077
0.01496124
0.01495934
0.01396084
0.01396179
0.01495790
0.01695347
0.01296210
0.01396108
0.01396298
0.01495934
0.01296473
0.01393151
0.01495790
0.01496172
0.01396418
0.01396322
0.01396155
0.01396394
0.01396537
0.01496053
0.01395845
0.01496077
0.01695395
0.01296473
0.01496005
0.01595712
0.01495981
0.01296306
0.01509595
0.01596284
0.01396251
0.01398993
0.01492262
0.01595688
0.01592922
0.01396227
0.01396251
0.01695991
0.01396227
0.01395988
0.01396108
0.01495743
0.01296854
0.01296473
0.01355863
0.01496053
0.01792026
0.01396298
0.01396251
0.01495862
0.01496005
0.01496172
0.01395822
0.01598620
0.01598430
0.01595712
0.01396227
0.01396298
0.01495934
0.01495838
0.01396227
0.01396108
0.01296353
0.01296639
0.01396418
0.01296544
0.01495981
0.01293397
0.01396298
0.01296520
0.01396108
0.01496124
0.01297069
0.01396298
0.01296473
0.01399231
0.01496148
0.01493406
0.01296544
0.01495886
0.01396298
0.01296449
0.01396036
0.01495981
0.01396275
0.01495934
0.01396203
0.01296329
0.01496124
0.01495934
0.01296568
0.01396418
0.01396155
0.01296520
0.01296449
0.01296401
0.01337814
0.01296473
0.01496220
0.01296425
0.01393080
0.01496148
0.01496029
0.01296473
0.01296473
0.01396823
0.01396108
0.01296473
0.01396275
0.01496148
0.01396775
0.01495934
0.01296377
0.01396251
0.01396251
0.01396585
0.01296520
0.01296258
0.01496553
0.01396418
0.01296520
0.01495981
0.01496434
0.01296902
0.01296353
0.01296473
0.01296663
0.01495910
0.01496077
0.01196861
0.01393270
0.01396322
0.01296568
0.01294804
0.01396227
0.01313925
0.01199841
0.01196885
0.01354456
0.01495957
0.01496029
0.01296616
0.01296401
0.01595902
0.01496124
0.01296544
0.01296449
0.01492739
0.01296520
0.01396251
0.01296568
0.01307178
0.01296663
0.01196885
0.01296520
0.01396203
0.01496458
0.01296496
0.01396275
0.01296473
0.01396203
0.01499867
0.01296568
0.01296425
0.01396251
0.01296353
0.01196814
0.01396251
0.01296329
0.01497769
0.01396418
0.01296401
0.01296449
0.01400232
0.01196814
0.01396251
0.01196504
0.01296544
0.01495862
0.01595640
0.01455760
0.01496029
0.01698399
0.01396298
0.01396155
0.01396322
0.01396585
0.01595759
0.01396251
0.01495957
0.01396036
0.01495886
0.01396275
0.01495957
0.01595545
0.01496053
0.01396203
0.01496172
0.01499319
0.01396489
0.01395798
0.01395941
0.01399422
0.01496196
0.01393151
0.01495910
0.01396132
0.01595664
0.01396251
0.01296496
0.01495934
0.01495981
0.01396441
0.01495981
0.01495957
0.01496005
0.01396227
0.01293659
0.01396012
0.01296020
0.01396203
0.01296735
0.01396179
0.01296306
0.01296616
0.01353812
0.01396394
0.01495981
0.01596308
0.01396441
0.01296353
0.01396036
0.01495838
0.01495957
0.01296449
0.01296329
0.01496053
0.01493216
0.01453376
0.01296425
0.01595974
0.01396203
0.01396227
0.01293135
0.01695156
0.01496005
0.01595879
0.01396203
0.01399684
0.01296568
0.01299596
0.01395988
0.01395917
0.01496077
0.01296544
0.01396704
0.01396060
0.01495886
0.01595998
0.01296496
0.01196599
0.01991749
0.01595545
0.01492524
0.01296377
0.01395941
0.01495910
0.01498985
0.01296473
0.01296449
0.01496243
0.01396275
0.01496053
0.01396441
0.01296210
0.01595807
0.01296592
0.01396275
0.01296568
0.01296568
0.01497340
0.01296544
0.01296496
0.01495838
0.01396275
0.01396275
0.01296425
0.01496005
0.01496339
0.01296544
0.01306510
0.01396322
0.01596141
0.01447010
0.01296401
0.01296520
0.01596332
0.01396203
0.01396441
0.01296616
0.01396394
0.01495886
0.01296401
0.01396251
0.01396394
0.01595736
0.01495814
0.01296473
0.01695657
0.01296496
0.01396275
0.01396251
0.01396251
0.01396370
0.01396251
0.01396251
0.01300120
0.01595855
0.01596189
0.01396227
0.01296544
0.01396251
0.01495934
0.01496220
0.01296377
0.01595664
0.01595688
0.01393342
0.01296473
0.01396346
0.01296782
0.01695585
0.01396394
0.01296473
0.01399326
0.01488471
0.01496220
0.01495886
0.01296329
0.01496005
0.01396179
0.01695704
0.01395369
0.01496220
0.01595497
0.01595807
0.01495886
0.01795363
0.01795411
0.01360369
0.01396108
0.01795125
0.01595926
0.01595545
0.01296568
0.01495409
0.01595783
0.01695776
0.01496124
0.01495743
0.01695514
0.01296711
0.01296449
0.01795578
0.01296496
0.01296401
0.01495957
0.01396537
0.01495957
0.01495290
0.01595545
0.01396322
0.01495814
0.01399231
0.01499486
0.01495910
0.01396275
0.01595783
0.01599479
0.01798177
0.01497865
0.01694131
0.01695704
0.01695776
0.01695800
0.01596045
0.01795292
0.01495576
0.01495957
0.01496124
0.01495886
0.01595926
0.01495910
0.01495719
0.01495838
0.01496077
0.01396728
0.01296711
0.01396251
0.01396513
0.01396322
0.01399255
0.01196647
0.01396155
0.01396227
0.01196718
0.01396155
0.01292515
0.01196933
0.01396537
0.01496243
0.01196718
0.01495981
0.01296544
0.01296520
0.01196742
0.01396322
0.01296639
0.01196957
0.01394939
0.01296449
0.01451349
0.01296449
0.01296401
0.01196837
0.01296425
0.01428294
0.01296473
0.01296425
0.01396132
0.01396155
0.01296735
0.01296425
0.01393270
0.01296496
0.01296687
0.01398087
0.01296473
0.01296449
0.01396298
0.01595545
0.01496363
0.01396298
0.01296473
0.01396680
0.01596212
