0.00997066
0.01496100
0.01396298
0.01399302
0.01595449
0.01495767
0.01296544
0.01296115
0.01396585
0.01496124
0.01296711
0.01296544
0.01395583
0.01495981
0.01396227
0.01296425
0.01396656
0.01396275
0.01396132
0.01393294
0.01495886
0.01595879
0.01495838
0.01496100
0.01495790
0.01591611
0.01496005
0.01296973
0.01396298
0.01296163
0.01596308
0.01296425
0.01396275
0.01396298
0.01595807
0.01695561
0.01547074
0.01496792
0.01396346
0.01387644
0.01595855
0.01496053
0.01458693
0.01362133
0.01399660
0.01396394
0.01595902
0.01396275
0.01496148
0.01592708
0.01495957
0.01296544
0.01496053
0.01596498
0.01499104
0.01462722
0.01296377
0.01596045
0.01496196
0.01296544
0.01299429
0.01493073
0.01498961
0.01293254
0.01396561
0.01695561
0.01396346
0.01296711
0.01296377
0.01396346
0.01496506
0.01395822
0.01500916
0.01695871
0.01596236
0.01595521
0.01495266
0.01499271
0.01396084
0.01396203
0.01396251
0.01495862
0.01495838
0.01497245
0.01495957
0.01296616
0.01295400
0.01396179
0.01395869
0.01296473
0.01496029
0.01599216
0.01595974
0.01296735
0.01297069
0.01495743
0.01596522
0.01296544
0.01196742
0.01395750
0.01396370
0.01396585
0.01296639
0.01495838
0.01498914
0.01296592
0.01296592
0.01296592
0.01595807
0.01396441
0.01296520
0.01399159
0.01296949
0.01296735
0.01396203
0.01396298
0.01496172
0.01396704
0.01396179
0.01299739
0.01395965
0.01399922
0.01396418
0.01296353
0.01396608
0.01496100
0.01394725
0.01296568
0.01495743
0.01595831
0.01595736
0.01496029
0.01396251
0.01393032
0.01396275
0.01396275
0.01830935
0.01495743
0.01692748
0.01495910
0.01595569
0.01595855
0.01695442
0.01496506
0.01495838
0.01396203
0.01595688
0.01595712
0.01495767
0.01596212
0.01795340
0.01695848
0.01695681
0.01592541
0.01496124
0.01692390
0.01695752
0.01595736
0.01894808
0.01665950
0.01496100
0.01495337
0.01493382
0.01595950
0.01396346
0.01595402
0.01695275
0.01495886
0.01396537
0.01396203
0.01495767
0.01595640
0.01396465
0.01396275
0.01595378
0.01695442
0.01496100
0.01495981
0.01695466
0.01695466
0.01595736
0.01496029
0.01393008
0.01595998
0.01695275
0.01695299
0.01596689
0.01595592
0.01396012
0.01396394
0.01396275
0.01496005
0.01499224
0.01595807
0.01396322
0.01595116
0.01495981
0.01695466
0.01495957
0.01394677
0.01396084
0.01565576
0.01396227
0.01396251
0.01499248
0.01396203
0.01495981
0.01496243
0.01395488
0.01595759
0.01594734
0.01676583
0.01392412
0.01395917
0.01331091
0.01296520
0.01299715
0.01299953
0.01592660
0.01695514
0.01595974
0.01894832
0.01795363
0.01556587
0.01396465
0.01396513
0.01695395
0.01296735
0.01396489
0.01595473
0.01596165
0.01595831
0.01396227
0.01495981
0.01598907
0.01496196
0.01494741
0.01396918
0.01495981
0.01695347
0.01495290
0.01695204
0.01695800
0.01595736
0.01495671
0.01495957
0.01496029
0.01746631
0.01396179
0.01695180
0.01550579
0.01496029
0.01296639
0.01296425
0.01396322
0.01495981
0.01495647
0.01296687
0.01495957
0.01396203
0.01495886
0.01396155
0.01593900
0.01894736
0.01698947
0.01595592
0.01398754
0.01595783
0.01496005
0.01496172
0.01595068
0.01496029
0.01954389
0.01795530
0.01496100
0.01794505
0.01595759
0.01794672
0.01396298
0.01695418
0.01596189
0.01396370
0.01496077
0.01296401
0.01596022
0.01496887
0.01396203
0.01495671
0.01595759
0.01596117
0.01496029
