0.00398946
0.01296520
0.01296520
0.01396322
0.01399541
0.01395988
0.01396036
0.01396370
0.01296377
0.01296282
0.01495695
0.01396275
0.01296568
0.01396275
0.01296520
0.01496816
0.01296401
0.01396227
0.01395893
0.01396370
0.01496100
0.01296544
0.01495814
0.01396179
0.01496124
0.01496124
0.01396203
0.01595736
0.01595759
0.01396298
0.01396251
0.01495934
0.01499820
0.01396394
0.01496005
0.01396251
0.01496124
0.01695538
0.01396060
0.01296496
0.01595879
0.01595974
0.01396418
0.01795053
0.01595926
0.01595688
0.01496363
0.01396275
0.01496100
0.01496005
0.01396656
0.01296520
0.01296473
0.01496482
0.01392651
0.01496053
0.01296473
0.01396155
0.01396275
0.01396251
0.01396251
0.01595783
0.01296473
0.01396203
0.01396132
0.01595926
0.01396155
0.01396370
0.01396370
0.01399398
0.01299477
0.01396179
0.01595759
0.01396489
0.01296377
0.01493144
0.01397181
0.01396203
0.01296520
0.01396132
0.01496387
0.01595688
0.01296496
0.01396370
0.01296353
0.01495934
0.01496053
0.01396084
0.01296639
0.01595879
0.01296616
0.01396060
0.01595902
0.01396394
0.01396227
0.01469231
0.01396537
0.01396370
0.01435304
0.01495862
0.01535797
0.01396012
0.01296663
0.01396251
0.01495910
0.01396251
0.01296282
0.01396203
0.01496029
0.01396251
0.01299453
0.01396275
0.01595902
0.01595974
0.01396060
0.01495767
0.01595736
0.01396751
0.01396298
0.01296401
0.01396418
0.01695657
0.01695466
0.01395679
0.01499248
0.01495814
0.01296568
0.01296496
0.01695752
0.01495934
0.01595736
0.01296568
0.01370144
0.01396155
0.01399088
0.01296568
0.01396465
0.01296782
0.01497221
0.01496220
0.01296449
0.01396155
0.01496077
0.01496005
0.01396394
0.01396418
0.01396370
0.01495981
0.01396179
0.01296544
0.01397848
0.01595926
0.01695848
0.01530981
0.01296449
0.01396036
0.01396298
0.01296568
0.01296401
0.01396203
0.01596069
0.01396298
0.01296544
0.01395965
0.01407599
0.01495910
0.01396036
0.01595569
0.01459408
0.01695561
0.01496005
0.01396203
0.01396322
0.01396108
0.01396728
0.01595855
0.01396823
0.01695609
0.01492763
0.01392913
0.01991510
0.01495910
0.01698565
0.01695585
0.01795030
0.01495814
0.01496077
0.01495981
0.01396036
0.01293111
0.01496005
0.01496077
0.01449919
0.01399398
0.01495886
0.01297116
0.01396298
0.01396203
0.01695585
0.01595688
0.01595879
0.01495957
0.01393414
0.01396894
0.01296377
0.01395917
0.01396322
0.01495981
0.01569200
0.01296377
0.01499271
0.01592493
0.01496220
0.01293612
0.01595545
0.01498961
0.01396155
0.01496363
0.01492858
0.01496363
0.01498842
0.01347828
0.01495838
0.01396203
0.01548123
0.01396275
0.01395965
0.01396203
0.01695442
0.01595807
0.01396203
0.01296592
0.01499391
0.01296377
0.01296568
0.01396036
0.01495981
0.01595545
0.01399183
0.01396203
0.01396346
0.01595664
0.01595998
0.01495957
0.01299810
0.01396179
0.01396251
0.01595545
0.01392889
0.01396275
0.01596022
0.01496124
0.01396680
0.01495624
0.01699114
0.01396394
0.01296663
0.01464868
0.01496124
0.01496005
0.01396394
0.01396370
0.01396060
0.01696181
0.01595879
0.01396036
0.01296329
0.01493025
0.01396322
0.01496243
0.01396060
0.01495814
0.01595736
0.01399684
0.01396203
0.01396465
0.01547098
0.01396370
0.01396251
0.01495814
0.01696301
0.01592374
0.01396132
0.01396561
0.01595902
0.01596022
0.01396227
0.01496005
0.01396060
0.01595974
0.01396394
0.01395917
0.01495981
0.01496220
0.01496029
0.01296544
0.01495981
0.01596260
0.01393318
0.01396203
0.01296401
0.01396251
0.01396370
0.01396179
0.01296711
0.01492977
0.01595783
0.01396251
0.01392984
0.01496363
0.01396084
0.01296306
0.01374650
0.01399827
0.01296592
0.01396370
0.01396227
0.01396251
0.01497197
0.01399684
0.01296473
0.01396012
0.01395941
0.01496506
0.01396394
0.01296449
0.01496434
