0.00495434
0.01496148
0.01396203
0.01396108
0.01592422
0.01396060
0.01396465
0.01296329
0.01495886
0.01393318
0.01634169
0.01495934
0.01396227
0.01296496
0.01396322
0.01496053
0.01396322
0.01495838
0.01495886
0.01595879
0.01396298
0.01495862
0.01395941
0.01396489
0.01396108
0.01296592
0.01350594
0.01496100
0.01396275
0.01396275
0.01396370
0.01496291
0.01495862
0.01496053
0.01396227
0.01396179
0.01496410
0.01496005
0.01299286
0.01396155
0.01495814
0.01396227
0.01299167
0.01396179
0.01395988
0.01496243
0.01396155
0.01396298
0.01496267
0.01492953
0.01296544
0.01495981
0.01296401
0.01396346
0.01595736
0.01296353
0.01296163
0.01496172
0.01496124
0.01296568
0.01399136
0.01596475
0.01496005
0.01296520
0.01293564
0.01396203
0.01296306
0.01392865
0.01482534
0.01496506
0.01595783
0.01396489
0.01396298
0.01296377
0.01399159
0.01296568
0.01296473
0.01496077
0.01396537
0.01396990
0.01495886
0.01296759
0.01496100
0.01496124
0.01396203
0.01299930
0.01494956
0.01396203
0.01396298
0.01396108
0.01495957
0.01396656
0.01393223
0.01296544
0.01496053
0.01595807
0.01495934
0.01396132
0.01492500
0.01496005
0.01597619
0.01496029
0.01396179
0.01396179
0.01499152
0.01396370
0.01299620
0.01495838
0.01595426
0.01396275
0.01296496
0.01296306
0.01396084
0.01496267
0.01396537
0.01296449
0.01296782
0.01296568
0.01495981
0.01296496
0.01396227
0.01495957
0.01495981
0.01452541
0.01296520
0.01595449
0.01399446
0.01293659
0.01296401
0.01296449
0.01396179
0.01196885
0.01296329
0.01297140
0.01296520
0.01296425
0.01347494
0.01296520
0.01695538
0.01595688
