0.00598383
0.01296425
0.01396155
0.01296592
0.01496220
0.01396251
0.01396322
0.01396155
0.01396275
0.01296592
0.01399231
0.01396346
0.01396298
0.01596189
0.01396251
0.01296449
0.01296473
0.01496816
0.01396203
0.01293087
0.01296496
0.01396275
0.01400161
0.01396227
0.01299691
0.01598859
0.01595688
0.01396418
0.01296163
0.01396179
0.01247430
0.01396489
0.01396251
0.01447105
0.01396084
0.01495814
0.01293206
0.01296544
0.01296687
0.01396394
0.01396394
0.01296258
0.01396251
0.01596141
0.01495910
0.01296425
0.01473951
0.01396322
0.01396298
0.01396036
0.01396036
0.01495624
0.01296568
0.01496077
0.01296473
0.01396298
0.01396322
0.01296496
0.01296425
0.01396513
0.01396394
0.01496029
0.01296449
0.01495981
0.01598835
0.01396298
0.01495957
0.01396370
0.01396275
0.01495934
0.01296568
0.01496029
0.01396132
0.01396251
0.01396203
0.01296544
0.01396346
0.01396275
0.01496148
0.01296234
0.01496148
0.01396227
0.01296568
0.01296401
0.01495719
0.01296544
0.01396251
0.01396132
0.01396155
0.01399302
0.01396203
0.01296401
0.01396155
0.01396394
0.01351976
0.01496053
0.01296329
0.01496053
0.01599073
0.01396012
0.01296377
0.01296425
0.01396203
0.01496053
0.01296449
0.01396251
0.01496005
0.01393795
0.01393151
0.01296377
0.01493073
0.01393032
0.01296473
0.01496053
0.01396441
0.01396132
0.01392961
0.01396203
0.01293612
0.01296687
