0.01096678
0.01894832
0.01698256
0.01695418
0.01495981
0.01396179
0.01695633
0.01495981
0.01296759
0.01396561
0.01395893
0.01296639
0.01396179
0.01296473
0.01354074
0.01496148
0.01496053
0.01296377
0.01296830
0.01396298
0.01296425
0.01296449
0.01496053
0.01499462
0.01595640
0.01495957
0.01296425
0.01350737
0.01296544
0.01296449
0.01396275
0.01496124
0.01296592
0.01396298
0.01396489
0.01196527
0.01396203
0.01196837
0.01396036
0.01396251
0.01296926
0.01396418
0.01296568
0.01240778
0.01496172
0.01293254
0.01296687
0.01396275
0.01392651
0.01393127
0.01396251
0.01403046
0.01350975
0.01296520
0.01252079
0.01296878
0.01296544
0.01377392
0.01396251
0.01496196
0.01692533
0.01795340
0.01496339
0.01695418
0.01496100
0.01695371
0.01495981
0.01495886
0.01592398
0.01595902
0.01495981
0.01593018
0.01598978
0.01396275
0.01296568
0.01296830
0.01396489
0.01396251
0.01399231
0.01299191
0.01293445
0.01396537
0.01395822
0.01396179
0.01595807
0.01496148
0.01496196
0.01296377
0.01595473
0.01495981
0.01595592
0.01396084
0.01396370
0.01496363
0.01496005
0.01495981
0.01496148
0.01396203
0.01595926
0.01296282
0.01296234
0.01495814
0.01396370
0.01396298
0.01396251
0.01496100
0.01496053
0.01296568
0.01395965
0.01296544
0.01499271
0.01296496
0.01393437
0.01393104
0.01496029
0.01296520
0.01293278
0.01396513
0.01496005
0.01396322
0.01296496
0.01495743
0.01695776
0.01495981
0.01296735
0.01595712
0.01396585
0.01396322
0.01296520
0.01296496
0.01495790
0.01595736
0.01296473
0.01296473
0.01408720
0.01595831
0.01496196
0.01296473
0.01295829
0.01296782
0.01496339
0.01296616
0.01296329
0.01396728
0.01396322
0.01296639
0.01396132
0.01396179
0.01296544
0.01392889
0.01296544
0.01299882
0.01592636
0.01496553
0.01496077
0.01496124
0.01496100
0.01499343
0.01296544
0.01395154
0.01398563
0.01396656
0.01396203
0.01499104
0.01495934
0.01495910
0.01396632
0.01496077
0.01595616
0.01496029
0.01296401
0.01296139
0.01395869
0.01496077
0.01396275
0.01595664
0.01676822
0.01695824
0.01595807
0.01595616
0.01598620
0.01396418
0.01595783
0.01496172
0.01595426
0.01595736
0.01596451
0.01396418
0.01595259
0.01546788
0.01495910
0.01795173
0.01595592
0.01596427
0.01496601
0.01396441
0.01496172
0.01795149
0.01598597
0.01393342
0.01396155
0.01795340
0.01496267
0.01492667
0.01595521
0.01495934
0.01496220
0.01495981
0.01834512
0.01595855
0.01496077
0.01495910
0.01595759
0.01695895
0.01595783
0.01496100
0.01496005
0.01496482
0.01499414
0.01396203
0.01595569
0.01499128
0.01795149
0.01596022
0.01396155
0.01491833
0.01695776
0.01396751
0.01396179
0.01496005
0.01695633
0.01693940
0.01496053
0.01494026
0.01695538
0.01451063
0.01495886
0.01495838
0.01427269
0.01695633
0.01396251
0.01551771
0.01894903
0.01795840
0.01692057
0.01595640
0.01496196
0.01595640
0.01795459
0.01496077
0.01695251
0.01695538
0.01496029
0.01496053
0.01595068
0.01695776
0.01496053
0.01396251
0.01396346
0.01595783
0.01396823
0.01396251
0.01495910
0.01396155
0.01595592
0.01496148
0.01595545
0.01695156
0.01595998
0.01396227
0.01395822
0.01496553
0.01496220
0.01595664
0.01396585
0.01695514
0.01695538
0.01592827
0.01396036
0.01595521
0.01695681
0.01595855
0.01396537
0.01695466
0.01595569
0.01496029
0.01396155
0.01594687
0.01496053
0.01595807
0.01496172
0.01595640
0.01495957
0.01499534
0.01595688
0.01393247
0.01599097
0.01553059
0.01592827
0.01592827
0.01595569
0.01795077
0.01592517
0.01496077
0.01595449
0.01695824
0.01396346
0.01495934
0.01595402
0.01495934
0.01695561
0.01495910
0.01495981
0.01795363
0.01795220
0.01695466
0.01699114
0.01396060
0.01692271
0.02093983
0.01695585
0.01695395
0.02293730
0.02094579
0.01794624
0.01614738
0.01795197
0.01695180
0.01794910
0.01495886
0.01524496
0.01698661
0.01496100
0.01414347
0.01695347
0.01794577
0.01595736
0.01596832
0.01495814
0.01695442
0.01695395
0.01495957
0.01795101
0.01695752
0.01894975
0.01592708
0.01654792
