0.00398850
0.01296425
0.01396179
0.01492357
0.01396370
0.01395893
0.01396179
0.01695490
0.01396489
0.01396179
0.01695418
0.01498747
0.01496172
0.01495767
0.01695228
0.01592231
0.01496267
0.01396251
0.01495934
0.01299381
0.01397014
0.01296663
0.01399398
0.01396179
0.01396346
0.01495862
0.01498747
0.01396823
0.01396275
0.01396203
0.01396275
0.01496315
0.01495934
0.01399279
0.01296258
0.01396132
0.01595950
0.01396418
0.01396489
0.01396108
0.01399326
0.01496077
0.01496148
0.01395988
0.01495171
0.01496434
0.01595616
0.01296449
0.01495957
0.01495981
0.01396370
0.01296401
0.01296425
0.01495886
0.01296616
0.01396322
0.01293302
0.01595616
0.01396084
0.01396227
0.01492023
0.01496220
0.01495934
0.01399493
0.01396751
0.01393270
0.01427913
0.01496053
0.01296282
0.01410699
0.01595998
0.01595592
0.01396441
0.01695418
0.01595616
0.01396489
0.01396275
0.01595378
0.01495957
0.01596355
0.01495981
0.01395965
0.01296210
0.01296425
0.01396251
0.01396179
0.01496220
0.01595807
0.01496243
0.01396203
0.01396227
0.01595974
0.01595712
0.01496077
0.01396203
0.01495647
0.01597071
0.01495743
0.01495957
0.01495743
0.01595783
0.01495934
0.01395988
0.01498795
0.01496243
0.01347637
0.01495767
0.01396251
0.01495910
0.01496029
0.01495862
0.01444697
0.01596069
0.01396346
0.01396203
0.01395941
0.01396441
0.01396251
0.01596045
0.01396251
0.01296449
0.01695466
0.01495957
0.01595831
0.01346922
0.01496124
0.01495719
0.01499081
0.01396179
0.01595974
0.01499319
0.01396108
0.01495934
0.01595759
0.01492906
0.01795912
0.01598144
0.01495981
0.01595592
0.01599813
0.01396489
0.01396346
0.01496243
0.01496148
0.01596165
0.01396227
0.01695323
0.01496172
0.01695228
0.01595497
0.01496053
0.01595855
0.01592684
0.01492953
0.01396298
0.01496029
0.01495934
0.01595449
0.01595688
0.01496005
0.01396298
0.01595855
0.01496148
0.01396346
0.01595807
0.01595902
0.01499438
0.01396227
0.01495957
0.01296449
0.01396680
0.01595688
0.01496053
0.01595950
0.01496124
0.01396275
0.01396060
0.01496172
0.01595545
0.01495981
0.01395893
0.01496100
0.01495957
0.01395941
0.01496077
0.01396179
0.01506948
0.01396251
0.01495838
0.01595664
0.01695466
0.01496077
0.01395965
0.01495838
0.01495910
0.01396394
0.01396418
0.01296282
0.01496077
0.01595736
0.01496005
0.01296115
0.01396370
0.01496196
0.01598668
0.01396251
0.01396084
0.01396251
0.01496029
0.01496029
0.01296282
0.01595712
0.01396251
0.01595902
0.01495957
0.01396441
0.01495934
0.01495981
0.01295972
0.01595306
0.01595712
0.01393032
0.01396322
0.01499033
0.01595926
