0.00596619
0.01399064
0.01296473
0.01495934
0.01595616
0.01495981
0.01495957
0.01496077
0.01496029
0.01396179
0.01396060
0.01396060
0.01396036
0.01396465
0.01495814
0.01495934
0.01396298
0.01496363
0.01496077
0.01496124
0.01396227
0.01396060
0.01495981
0.01396513
0.01396060
0.01492810
0.01396179
0.01496005
0.01496077
0.01396203
0.01393318
0.01595926
0.01595998
0.01496100
0.01396060
0.01296425
0.01396275
0.01496005
0.01495767
0.01596141
0.01595712
0.01396298
0.01495957
0.01396179
0.01495910
0.01496148
0.01495934
0.01493144
0.01652026
0.01498961
0.01695490
0.01895022
0.01894975
0.02094889
0.01894999
0.01695180
0.01645350
0.01695609
0.01695538
0.01894784
0.01595759
0.01396322
0.01498866
0.01396298
0.01396227
0.01399493
0.01393175
0.01495910
0.01496124
0.01396060
0.01396608
0.01296449
0.01396108
0.01498437
0.01595688
0.01396108
0.01496696
0.01396108
0.01396227
0.01296473
0.01396203
0.01495957
0.01596451
0.01495886
0.01396298
0.01495910
0.01396155
0.01496100
0.01292801
0.01396179
0.01595807
0.01396585
0.01393294
0.01396346
0.01496172
0.01496267
0.01396155
0.01495767
0.01296425
0.01496077
0.01496243
0.01399279
0.01398945
0.01496315
0.01496029
0.01396155
0.01498818
0.01393175
0.01396346
0.01396155
0.01396179
0.01396298
0.01595664
0.01595926
0.01296473
0.01293325
0.01496220
0.01396441
0.01296377
0.01396084
0.01495838
0.01496220
0.01496029
0.01795173
0.01695704
0.01595926
0.01593018
0.01499200
0.01595688
0.01496053
0.01396132
0.01495957
0.01396084
0.01496291
0.01296473
0.01496029
0.01592803
0.01496100
0.01495337
0.01296306
0.01595879
0.01296473
0.01596165
0.01396275
0.01396585
0.01396179
0.01496315
0.01496291
0.01296353
0.01395988
