0.00897598
0.01795077
0.01695418
0.01595855
0.01495409
0.01695204
0.01695848
0.01396298
0.01595712
0.01495695
0.01496196
0.01396203
0.01396084
0.01595759
0.01595831
0.01595807
0.01396132
0.01495647
0.01595616
0.01396227
0.01496005
0.01395893
0.01595712
0.01396298
0.01350641
0.01396275
0.01798415
0.01595974
0.01396513
0.01396489
0.01695609
0.01350760
0.01296544
0.01595378
0.01695538
0.01496506
0.01296425
0.01595688
0.01596045
0.01696086
0.01496029
0.01295972
0.01396394
0.01496339
0.01296735
0.01296115
0.01396465
0.01296473
0.01396251
0.01495957
0.01496291
0.01496196
0.01295662
0.01396060
0.01396179
0.01396179
0.01395988
0.01495838
0.01695466
0.01396489
0.01396251
0.01495862
0.01396298
0.01396227
0.01351714
0.01495981
0.01596141
0.01437712
0.01495957
0.01695490
0.01695848
0.01540136
0.01496077
0.01698756
0.01846337
0.01496220
0.01396275
0.01596332
0.01796317
0.01695538
0.01495767
0.01495385
0.01894999
0.01795316
0.01695395
0.01495934
0.01894879
0.01795697
0.01595712
0.01595449
0.01595783
0.01795673
0.01595783
0.01695156
0.01695371
0.01795316
0.01595807
0.01695418
0.01695561
0.01695371
0.01664400
0.01695442
0.01694846
0.01795197
0.01895475
0.01795197
0.01795125
0.01894951
0.01795292
0.01695204
0.01895213
0.01895118
0.01894832
0.01894546
0.01994109
0.01795244
0.02294159
0.02094603
0.01795363
0.01894760
0.01994681
0.01896858
0.01695538
0.01795125
0.01994586
0.01894689
0.01994658
0.01991677
0.01895070
0.01994562
0.02191019
0.01976991
0.01991582
0.01894832
0.01778579
0.01695442
0.01795125
0.01994681
0.01894760
0.01995087
0.01994801
0.01795340
0.01595473
0.01795244
0.01994824
0.01595759
0.01595569
0.01595831
0.01794958
0.01695466
0.01546526
0.01894927
0.01994848
0.02030563
0.01698780
0.02090597
0.01791763
0.02589703
0.02041364
0.01994514
0.02290511
0.01892066
0.01994753
0.01695418
0.01795292
0.02692842
0.02991986
0.02991962
0.02792621
0.02593088
0.01496315
0.01695395
0.01695514
0.01595759
0.01495957
0.01595688
0.01695395
0.01595736
0.01396275
0.01495886
0.01595998
0.01795197
0.01792192
0.01595688
0.01595616
0.01895142
0.01694870
0.01794767
0.01795006
0.01596022
0.01496005
0.01595736
0.01595855
0.01795149
0.01695442
0.01695275
0.01794744
0.01598978
0.01595783
0.01496124
0.01695132
0.01695418
0.01595902
0.01296568
0.01396132
0.01396656
0.01396132
0.01396394
0.01396275
0.01595831
0.01695871
0.01595902
0.01495910
0.01495743
0.01533341
0.01396441
0.01396298
0.01695323
0.01495981
0.01396489
0.01396275
0.01495934
0.01695728
0.01595831
0.01695609
0.01396298
0.01494431
0.01692390
0.01396203
0.01296473
0.01496100
0.01595783
0.01296639
0.01396322
0.01495838
0.01396251
0.01295877
0.01296425
0.01496148
0.01396489
0.01296592
0.01293325
0.01395822
0.01396298
0.01296949
0.01295972
0.01496005
0.01496029
0.01499128
0.01396298
0.01498747
0.01495481
