0.00498676
0.01595712
0.01496530
0.01495957
0.01296449
0.01396346
0.01396346
0.01453280
0.01396251
0.01795530
0.01894927
0.01595426
0.01496148
0.01695561
0.01595497
0.01595831
0.01396346
0.01495862
0.01795411
0.01595688
0.01396203
0.01695681
0.01701832
0.01496053
0.01296473
0.01495814
0.01396275
0.01396394
0.01496172
0.01296473
0.01396275
0.01296544
0.01393366
0.01296854
0.01495838
0.01399589
0.01296449
0.01296711
0.01396418
0.01396322
0.01475048
0.01296473
0.01296544
0.01296639
0.01396441
0.01299858
0.01247859
0.01296425
0.01499248
0.01296663
0.01296353
0.01396418
0.01296592
0.01296449
0.01296520
0.01296306
0.01396227
0.01398969
0.01296544
0.01563287
0.01296830
0.01296639
0.01296544
0.01396203
0.01396227
0.01495934
0.01547217
0.01395988
0.01396251
0.01293731
0.01396203
0.01496553
0.01492810
0.01496005
0.01595759
0.01496005
0.01495981
0.01695466
0.01495957
0.01596594
0.01296401
0.01495743
0.01495981
0.01396298
0.01496053
0.01296496
0.01595688
0.01595783
0.01695490
0.01895142
0.01495910
0.01396418
0.01595950
0.01296616
0.01399636
0.01496363
0.01595712
0.01396298
0.01396251
0.01396298
0.01400280
0.01296568
0.01300192
0.01499772
0.01496267
0.01296806
0.01293349
0.01496124
0.01296520
0.01396227
0.01496172
0.01399016
0.01396346
0.01396275
0.01396179
0.01396465
0.01296377
0.01296544
0.01296520
0.01396012
0.01496053
0.01297784
0.01296592
0.01399302
0.01296997
0.01396489
0.01296544
0.01351833
0.01396751
0.01496124
0.01396251
0.01196575
0.01393366
0.01495934
0.01296711
0.01296425
0.01300097
0.01453638
0.01396275
0.01296592
0.01271987
0.01396251
0.01396394
0.01296401
0.01296520
0.01296496
0.01296759
0.01296687
0.01399255
0.01296568
0.01296544
0.01296520
0.01295996
0.01296186
0.01396394
0.01296401
0.01296473
0.01495862
0.01495886
0.01296473
0.01499057
0.01296616
0.01396251
0.01396465
0.01495934
0.01296401
0.01396585
0.01396322
0.01296496
0.01299095
0.01595902
0.01396322
0.01399302
0.01395965
0.01493144
0.01496196
0.01396585
0.01296496
0.01296473
0.01595902
0.01296329
0.01395988
0.01398993
0.01495957
0.01447248
0.01396203
0.01296282
0.01395965
0.01496124
0.01396298
0.01396394
0.01495862
0.01595664
0.01393247
0.01296282
0.01396012
0.01496649
0.01396251
0.01296520
0.01396251
0.01396132
0.01396489
0.01296401
0.01396298
0.01496005
0.01496315
0.01296473
0.01299500
0.01396418
0.01396203
0.01396012
0.01495886
0.01296306
0.01695466
0.01396537
0.01296329
0.01396132
0.01595712
0.01595521
0.01296306
0.01296401
0.01496315
0.01595807
0.01396108
0.01296425
0.01498914
0.01695967
0.01396298
0.01396012
0.01397228
0.01495934
0.01396322
0.01296425
0.01496220
0.01496148
0.01692605
0.01393437
0.01396537
0.01696372
0.01396394
0.01396465
0.01396251
0.01299381
0.01396370
0.01396155
0.01396203
0.01293588
0.01595592
0.01296473
0.01495743
0.01495743
0.01496172
0.01396275
0.01396298
0.01496029
0.01396394
0.01396298
0.01396227
0.01296544
0.01695275
0.01296329
0.01495719
0.01396465
0.01396251
0.01296377
0.01396298
0.01396465
0.01296663
0.01196909
0.01296425
0.01396394
0.01396251
0.01396155
0.01293635
0.01496077
0.01396251
0.01299810
0.01396132
0.01396346
0.01296520
0.01296473
0.01296520
0.01293588
0.01495934
0.01396465
0.01396132
0.01498938
0.01396179
0.01296329
0.01396346
0.01495075
0.01296663
0.01496267
0.01296592
0.01396155
0.01595545
0.01595736
0.01296592
0.01396346
0.01498961
0.01396585
0.01396322
0.01595545
0.01399374
0.01296568
0.01296306
0.01496053
0.01296711
0.01595759
0.01296735
0.01297832
0.01396155
0.01396155
0.01396346
0.01296210
0.01299214
0.01795220
0.01296425
0.01396394
0.01695728
0.01595855
0.01595879
0.01296639
0.01495647
0.01396346
0.01296544
0.01395893
0.01396298
0.01396298
0.01396275
0.01296544
0.01296616
0.01394773
0.01296544
0.01296520
0.01296425
0.01496243
0.01396394
0.01296329
0.01396203
0.02094507
0.01496196
0.01396203
0.01293230
0.01496124
0.01396298
0.01495790
0.01395988
0.01595545
0.01496100
0.01695514
0.01692200
0.01695442
0.01599193
0.01496053
0.01496172
0.01699185
0.01595712
0.01495790
0.01595616
0.01596117
0.01595616
0.01547551
0.01396155
0.01595974
0.01396132
0.01261735
0.01255202
0.01293230
0.01296520
0.01296639
0.01296449
0.01395988
0.01396251
0.01396203
0.01396227
0.01196599
0.01296329
0.01595926
0.01296592
0.01396203
0.01496124
0.01296520
0.01196837
0.01296520
0.01495934
0.01496005
0.01496124
0.01196790
0.01595736
0.01396275
0.01196837
0.01396298
0.01396227
0.01296496
0.01296544
0.01296544
0.01496148
0.01396346
0.01296425
0.01396203
0.01396298
0.01296663
0.01396298
0.01396227
0.01396275
0.01496887
0.01296687
0.01296568
0.01396251
0.01596045
0.01296544
0.01476097
0.01396608
0.01296473
0.01396060
0.01396298
0.01495767
0.01395893
0.01296449
0.01296639
0.01296520
0.01196742
0.01396155
0.01496124
0.01396823
0.01196814
0.01296544
0.01193929
0.01296592
0.01196861
0.01498914
0.01296496
0.01296568
0.01296353
0.01396179
0.01296449
0.01296759
0.01196694
0.01296234
0.01397753
0.01196742
0.01296353
0.01296282
0.01296282
0.01296711
0.01196742
0.01295877
0.01396370
0.01296353
0.01196623
0.01296520
0.01196623
0.01196837
0.01196861
0.01296854
0.01296711
0.01196861
0.01196671
0.01196742
0.01395893
0.01496077
0.01296520
0.01296473
0.01296520
0.01296806
0.01296425
0.01293182
0.01296425
0.01296616
0.01296377
0.01296759
0.01196718
0.01196694
0.01196861
0.01296544
0.01196694
0.01196790
0.01396298
0.01296115
0.01196647
0.01396251
0.01296711
0.01296353
0.01296425
0.01293302
0.01495576
0.01296544
0.01396227
0.01296353
0.01396513
0.01396275
0.01296473
0.01196718
0.01296473
0.01296473
0.01396108
0.01196837
0.01495910
0.01496720
0.01496053
0.01293397
0.01396894
0.01396203
0.01296616
0.01396179
0.01695371
0.01497030
0.01495862
0.01296329
0.01296449
0.01595759
0.01296568
0.01396036
0.01296401
0.01447725
0.01496124
0.01396132
0.01496124
0.01595592
0.01296496
0.01396346
0.01296306
0.01396418
0.01296520
0.01396036
0.01495957
0.01496363
0.01396227
0.01396179
0.01396346
0.01496196
0.01496005
0.01296496
0.01296592
0.01196790
0.01296401
