0.00398970
0.01296496
0.01396704
0.01396441
0.01296353
0.01396155
0.01296735
0.01495814
0.01396275
0.01395965
0.01496077
0.01496315
0.01296663
0.01296520
0.01496196
0.01496840
0.01396346
0.01296616
0.01296449
0.01396251
0.01496172
0.01396275
0.01396370
0.01396155
0.01396370
0.01296401
0.01396251
0.01496029
0.01496100
0.01495886
0.01595783
0.01495934
0.01496005
0.01296449
0.01496005
0.01695633
0.01396585
0.01396298
0.01494980
0.01495981
0.01595759
0.01395130
0.01396227
0.01296520
0.01496148
0.01396084
0.01496148
0.01595759
0.01496291
0.01296329
0.01495862
0.01595807
0.01499152
0.01396179
0.01496148
0.01595950
0.01496196
0.01396465
0.01457310
0.01595497
0.01396251
0.01396418
0.01496100
0.01396537
0.01396751
0.01396370
0.01396179
0.01396346
0.01296377
0.01495719
0.01396036
0.01595998
0.01296592
0.01495934
0.01393437
0.01397085
0.01396084
0.01296520
0.01495934
0.01695538
0.01496029
0.01296520
0.01496005
0.01595306
0.01595879
0.01495934
0.01296234
0.01396275
0.01396227
0.01396298
0.01495814
0.01493096
0.01396346
0.01595736
0.01595473
0.01495910
0.01399136
0.01496220
0.01595616
0.01795101
0.01695561
0.01589608
0.01396370
0.01595640
0.01695609
0.01495838
0.01396132
0.01695395
0.01496887
0.01396418
0.01395988
0.01296329
0.01396394
0.01296592
0.01496482
0.01496005
0.01396346
0.01196837
0.01393008
0.01595736
0.01292944
0.01296496
0.01296496
0.01595855
0.01495910
0.01296306
0.01296568
0.01296854
0.01296663
0.01296544
0.01296353
0.01296663
0.01296711
0.01396179
0.01296568
0.01296115
0.01396346
0.01296639
0.01396537
0.01296568
0.01299882
0.01396608
0.01396322
0.01396561
0.01450086
0.01299691
0.01196790
0.01296735
0.01296616
0.01296687
0.01592517
0.01296496
0.01496315
0.01396298
0.01196885
0.01296544
0.01496172
0.01296830
0.01296353
0.01296544
0.01296473
0.01396298
0.01293039
0.01495981
0.01399350
0.01496005
0.01396203
0.01396132
0.01595473
0.01296592
0.01396251
0.01508379
0.01395941
0.01296282
0.01296520
0.01396179
0.01496077
0.01496220
0.01296425
0.01396132
0.01396513
0.01296520
0.01396298
0.01595783
0.01396155
0.01396227
0.01396275
0.01496172
0.01396275
0.01396346
0.01296282
0.01395965
0.01399112
0.01296496
0.01393294
0.01396298
0.01496005
0.01396585
0.01396179
0.01496124
0.01496100
0.01396132
0.01396108
0.01296544
0.01296544
0.01396155
0.01595855
0.01393294
0.01495981
0.01396394
0.01396751
0.01396322
0.01395988
0.01396465
0.01396394
0.01396394
0.01495934
0.01396489
0.01396227
0.01296377
0.01548028
0.01496029
0.01296425
0.01595783
0.01396394
0.01496100
0.01296544
0.01396132
0.01496005
0.01299334
0.01396251
0.01396251
0.01496077
0.01692176
0.01593089
0.01492906
0.01795268
0.01396561
0.01495790
0.01396418
0.01496053
0.01598597
0.01692700
0.01296568
0.01396370
0.01496243
0.01396251
0.01296234
0.01496601
0.01396346
0.01296425
0.01296401
0.01495838
0.01497388
0.01396108
0.01395679
0.01395822
0.01695347
0.01396275
0.01293182
0.01595664
0.01595998
0.01496029
0.01595426
0.01695490
0.01596045
0.01596022
0.01296449
0.01396084
0.01495910
0.01495743
0.01399493
0.01396275
0.01595950
0.01396227
0.01296568
0.01396322
0.01296282
0.01396418
0.01396227
0.01396251
0.01296282
0.01495862
0.01296520
0.01296329
0.01396108
0.01396251
0.01396394
0.01495981
0.01595712
0.01296425
0.01396084
0.01296544
0.01396012
0.01296616
0.01300502
0.01399207
0.01396418
0.01595330
0.01395988
0.01496053
0.01396179
0.01396728
0.01496053
0.01296377
0.01495838
0.01396227
0.01392961
0.01296711
0.01293421
0.01396203
0.01495934
0.01396322
0.01396203
0.01392937
0.01493239
0.01396036
0.01296449
0.01430845
0.01396537
0.01296544
0.01296329
0.01393056
0.01396489
0.01396441
0.01364374
0.01296210
0.01293564
0.01396227
0.01396179
0.01496053
0.01496506
0.01296401
0.01296306
0.01399231
0.01396346
0.01399112
0.01196694
0.01495886
0.01695704
0.01396275
0.01396298
0.01396275
0.01399088
0.01296878
0.01396370
0.01498866
0.01496053
0.01296759
0.01296449
0.01293468
0.01396179
0.01596117
0.01396346
0.01396251
0.01396322
0.01396298
0.01296473
0.01450372
0.01295972
0.01396346
0.01297092
0.01396227
0.01296473
0.01560020
0.01495910
0.01396251
0.01296449
0.01296401
0.01296616
0.01296568
0.01495862
0.01396203
0.01396251
0.01396179
0.01296592
0.01496029
0.01296973
0.01396275
0.01396036
0.01396298
0.01396298
0.01296496
0.01396179
0.01399183
0.01296568
0.01396346
0.01396084
0.01399136
0.01296496
0.01299191
0.01296353
0.01498938
0.01496172
0.01396203
0.01399159
0.01396132
0.01296425
0.01496100
0.01392865
0.01310515
0.01351023
0.01396298
0.01296496
0.01496220
0.01399183
0.01396227
0.01299429
0.01396108
0.01396322
0.01297140
0.01399732
0.01396251
0.01296282
0.01595879
0.01396060
0.01296496
0.01595902
0.01595783
0.01496053
0.01396036
0.01496029
0.01496959
0.01557374
0.01296258
0.01495886
0.01550698
0.01495934
0.01496267
0.01396084
0.01495886
0.01596117
0.01417875
0.01296449
0.01359868
0.01396251
0.01489878
0.01495886
0.01396251
0.01396251
0.01396275
0.01396203
0.01296401
0.01296687
0.01396322
0.01296568
0.01247573
0.01396298
0.01396322
0.01247740
0.01393175
0.01296091
0.01497006
0.01296735
0.01296496
0.01296425
0.01595569
0.01396251
0.01396203
0.01196742
0.01296425
0.01595879
0.01296496
0.01296353
0.01296544
0.01396227
0.01296544
0.01296544
0.01498985
0.01296592
0.01296568
