0.00797915
0.01703572
0.01496029
0.01396084
0.01396275
0.01396012
0.01296425
0.01496315
0.01392817
0.01296377
0.01394653
0.01596093
0.01595902
0.01396298
0.01494718
0.01496100
0.01695490
0.01496172
0.01595759
0.01795149
0.01613045
0.01396298
0.01396155
0.01296353
0.01496124
0.01595592
0.01695132
0.01595616
0.01595688
0.01595902
0.01635218
0.01895356
0.01795053
0.01496077
0.01695395
0.01795197
0.01495981
0.01495886
0.01396346
0.01396227
0.01396179
0.01296568
0.01394963
0.01503420
0.01396704
0.01396203
0.01495981
0.01595640
0.01795316
0.01396370
0.01396132
0.01695299
0.01595592
0.01396346
0.01396251
0.01296234
0.01595902
0.01396370
0.01396155
0.01595783
0.01595688
0.01495624
0.01694846
0.01795506
0.01695323
0.01495934
0.01695371
0.01695752
0.01695657
0.01495981
0.01695275
