0.00398970
0.01495814
0.01296496
0.01296544
0.01396275
0.01649642
0.01496100
0.01296544
0.01396227
0.01496053
0.01396370
0.01396298
0.01296568
0.01496124
0.01293540
0.01396561
0.01596022
0.01595974
0.01595736
0.01393318
0.01396322
0.01296544
0.01296782
0.01296329
0.01396179
0.01447177
0.01795316
0.01595879
0.01547074
0.01597905
0.01795435
0.01396894
0.01698422
0.01695323
0.01775193
0.01492143
0.01756001
0.01895571
0.01583195
0.01595736
0.01495838
0.01396227
0.01595926
0.01695418
0.01595688
0.01496005
0.01595736
0.01595759
0.01396418
0.01396346
0.01495767
0.01595592
0.01595831
0.01496053
0.01396132
0.01695466
0.01595974
0.01496124
0.01296377
0.01296592
0.01496148
0.01595807
0.01396251
0.01493144
0.01496005
0.01695466
0.01396346
0.01296639
0.01296473
0.01396632
0.01296329
0.01396132
0.01296520
0.01396298
0.01496005
0.01399112
0.01495862
0.01396418
0.01296544
0.01296496
0.01296639
0.01399088
0.01299357
0.01396060
0.01495934
0.01396275
0.01299620
0.01296496
0.01296496
0.01396441
0.01293159
0.01496005
0.01396227
0.01396465
0.01296568
0.01396418
0.01595616
0.01399589
0.01296663
0.01396537
0.01296377
0.01495719
0.01496029
0.01296544
0.01393151
0.01196671
0.01196814
0.01396346
0.01296449
0.01496077
0.01496053
0.01396394
0.01296568
0.01396179
0.01396561
0.01495957
0.01196766
0.01196814
0.01396346
0.01399279
0.01196671
0.01296449
0.01396203
0.01396203
0.01396251
0.01296520
0.01399183
0.01396370
0.01396346
0.01396227
0.01296520
0.01596045
0.01296568
0.01396108
0.01296425
0.01296520
0.01296735
0.01296544
0.01396179
0.01396275
0.01595783
0.01495838
0.01446867
0.01296687
0.01396465
0.01347327
0.01396394
0.01396036
0.01646972
0.01595974
0.01495910
0.01296377
0.01495886
0.01496124
0.01396322
0.01296473
0.01496029
0.01595688
0.01795697
0.01495957
0.01595759
0.01495981
0.01496053
0.01496291
0.01393080
0.01396370
0.01396394
0.01396275
0.01496077
0.01296473
0.01393223
0.01296520
0.01396370
0.01296544
0.01396155
0.01296329
0.01396251
0.01396108
0.01296496
0.01596165
0.01296496
0.01499152
0.01299500
0.01396346
0.01495910
0.01396608
0.01498151
0.01496577
0.01596498
0.01396370
0.01396012
0.01496077
0.01496124
0.01296520
0.01392961
0.01496124
0.01595926
0.01296639
0.01396298
0.01595855
0.01396203
0.01595712
0.01695108
0.01795197
0.01492023
0.01595807
0.01595736
0.01495814
0.01296520
0.01496053
0.01496100
0.01399636
0.01496124
0.01495433
0.01595664
