0.00598645
0.01296473
0.01496124
0.01293206
0.01396203
0.01495790
0.01296544
0.01396084
0.01296735
0.01396084
0.01395988
0.01399732
0.01247382
0.01296687
0.01496029
0.01695156
0.01396418
0.01396298
0.01296568
0.01396179
0.01396275
0.01296663
0.01296353
0.01396322
0.01396394
0.01396561
0.01396084
0.01595354
0.01492882
0.01396251
0.01296186
0.01396275
0.01396227
0.01296639
0.01296473
0.01396084
0.01396203
0.01296401
0.01495886
0.01396370
0.01396179
0.01296401
0.01396155
0.01396441
0.01296568
0.01196790
0.01296306
0.01396346
0.01496100
0.01296544
0.01296639
0.01495981
0.01296639
0.01296496
0.01296449
0.01396298
0.01396132
0.01296592
0.01296830
0.01396251
0.01396322
0.01247621
0.01296639
0.01296496
0.01296329
0.01296616
0.01296520
0.01296377
0.01396275
0.01396155
0.01396298
0.01340437
0.01496220
0.01396227
0.01296520
0.01396704
0.01495862
0.01393127
0.01296496
0.01396155
0.01495957
0.01260614
0.01392817
0.01495862
0.01396203
0.01296186
0.01296473
0.01396346
0.01396179
0.01396155
0.01296520
0.01296377
0.01396561
0.01396298
0.01296544
0.01396155
0.01493239
0.01396251
0.01396799
0.01296377
0.01396108
0.01396465
0.01595807
0.01395822
0.01396346
0.01396775
0.01296997
0.01296639
0.01496100
0.01296616
0.01296687
0.01396441
0.01495981
0.01596069
0.01396275
0.01296425
0.01296234
0.01396251
0.01296663
0.01296735
0.01396775
0.01296520
0.01396465
0.01296759
0.01296449
0.01396227
0.01396346
0.01396012
0.01296377
0.01396585
0.01396275
0.01296425
0.01396132
0.01520920
0.01496053
0.01396132
0.01396227
0.01396298
0.01396298
0.01795053
0.01698470
0.01595378
0.01396132
0.01495838
0.01496196
0.01495862
0.01496577
0.01496196
0.01399326
0.01695514
0.02193880
0.01595855
0.01795244
0.01795244
0.01894712
0.01795411
0.01994872
0.01795197
0.01495910
0.01895118
0.01495910
0.01695514
0.01496100
0.01595426
0.01496053
0.01496148
0.01396060
0.01296663
0.01495934
0.01196885
0.01296520
0.01396704
0.01296425
0.01196790
0.01396227
0.01296449
0.01496196
0.01396298
0.01293659
0.01311421
0.01296520
0.01396966
0.01496410
0.01496148
0.01296592
0.01296544
0.01396251
0.01296616
0.01296568
0.01296353
0.01496363
0.01496077
0.01396203
0.01196790
0.01396275
0.01396251
0.01296616
0.01296425
0.01296520
0.01595378
0.01396370
0.01496124
0.01293063
0.01296449
0.01396370
0.01296806
0.01592398
0.01499176
0.01400185
0.01595783
0.01396060
0.01296329
0.01296353
0.01296473
0.01296616
0.01447320
0.01296687
0.01496172
0.01296687
0.01396036
0.01598692
0.01399589
0.01296520
0.01296544
0.01396394
0.01396227
0.01396346
0.01296568
0.01395941
0.01396441
0.01296592
0.01496077
0.01399302
0.01396179
0.01499438
0.01544333
0.01299381
0.01498532
0.01396132
0.01447225
0.01495957
0.01496291
0.01496196
0.01395917
0.01396084
0.01296353
0.01396346
0.01296544
0.01296592
0.01396394
0.01296616
0.01396251
0.01296377
0.01296496
0.01396656
0.01296425
0.01296735
0.01396275
0.01396298
0.01396394
0.01396513
0.01296377
0.01495981
0.01396298
0.01396251
0.01396298
0.01196694
0.01396155
0.01399398
0.01296449
0.01299119
0.01495457
0.01396322
0.01296639
0.01296425
0.01296353
0.01296735
0.01396275
0.01296329
0.01296329
0.01296711
0.01296520
0.01396489
0.01269627
0.01496005
0.01296616
0.01296759
0.01196647
0.01496029
0.01296353
0.01296568
0.01296425
0.01196671
0.01296425
0.01393294
0.01396203
0.01296878
0.01396155
0.01296520
0.01296806
0.01396203
0.01497459
0.01396322
0.01495838
0.01396227
0.01495862
0.01296639
0.01296544
0.01496148
0.01496339
0.01396227
0.01396537
0.01398993
0.01295948
0.01396656
0.01296544
0.01396227
0.01296449
0.01596117
0.01396275
0.01493073
0.01695728
0.01496196
0.01396585
0.01396179
0.01396298
0.01396155
0.01396084
0.01396012
0.01496124
0.01495957
0.01296520
0.01495910
0.01395750
0.01595640
0.01296401
0.01396298
0.01296639
0.01497030
0.01596189
0.01396179
0.01396298
0.01296496
0.01495957
0.01296449
0.01396155
0.01393962
0.01396298
0.01404333
0.01496124
0.01595402
0.01496005
0.01296616
0.01396298
0.01396465
0.01396585
0.01595926
0.01274920
0.01296473
0.01495886
0.01496100
0.01496005
0.01296520
0.01296353
0.01496148
0.01396132
0.01296425
0.01395750
0.01496029
0.01396155
0.01695514
0.01396227
0.01396251
0.01296520
0.01396322
0.01296353
0.01394916
0.01396275
0.01495981
0.01396346
0.01399136
0.01395607
0.01296425
0.01396203
0.01396298
0.01396203
0.01396251
0.01446939
0.01396155
0.01595545
0.01695538
0.01495957
0.01296449
0.01296377
0.01495957
0.01296616
0.01495981
0.01396275
0.01695275
0.01595807
0.01396203
0.01396298
0.01592445
0.01396370
0.01396298
0.01495767
0.01396275
0.01395917
0.01496005
0.01396227
0.01296616
0.01396203
0.01396441
0.01296639
0.01396370
0.01296329
0.01396322
0.01695490
0.01296544
0.01396275
0.01492620
0.01496077
0.01296568
0.01595950
0.01495981
0.01496267
0.01496172
0.01396132
0.01495695
0.01396489
0.01399302
0.01296496
0.01695299
0.01595926
0.01396179
0.01396298
0.01296353
0.01396275
0.01396251
0.01296544
0.01299310
0.01592374
0.01396370
0.01396346
0.01299548
0.01346731
0.01396298
0.01296449
0.01196861
0.01296663
0.01399183
0.01296663
0.01296282
0.01296592
0.01296544
0.01296496
0.01296592
0.01296496
0.01396155
0.01296449
0.01296616
0.01396251
0.01298666
0.01496148
0.01296544
0.01396108
0.01498771
0.01296997
0.01497912
0.01296639
0.01396012
0.01396489
0.01695538
0.01496053
0.01499200
0.01399326
0.01396346
0.01496291
0.01193881
0.01396275
0.01299453
0.01496792
0.01396251
0.01296449
0.01492524
0.01396227
0.01296043
0.01296282
0.01595783
0.01599002
0.01695585
0.01495981
0.01595855
0.01495981
0.01496005
0.01396036
0.01692271
0.01496077
0.01592994
0.01296329
0.01495719
0.01496100
0.01499248
0.01296806
0.01496029
0.01296449
0.01296496
0.01399183
0.01296544
0.01396108
0.01393366
0.01396275
0.01296711
0.01299787
0.01494193
0.01495934
0.01396608
0.01398969
0.01496053
0.01496410
0.01396489
0.01393127
0.01395702
0.01395774
0.01299524
0.01396298
0.01347327
0.01396251
0.01299548
0.01396179
0.01293707
0.01396346
0.01695728
0.01296520
0.01396203
0.01296449
0.01393056
0.01396275
0.01296496
0.01396084
0.01299644
0.01296639
0.01396346
0.01395965
0.01499319
0.01396227
0.01396346
0.01396394
0.01499414
0.01396275
0.01399207
0.01296568
0.01595545
0.01595807
0.01496005
0.01396012
0.01396275
0.01595783
0.01396251
0.01296639
0.01296425
0.01595664
0.01495910
0.01496363
0.01299381
0.01296473
0.01496434
0.01495910
0.01296377
0.01495743
0.01396394
0.01296234
0.01496768
0.01396298
0.01496243
0.01293898
0.01296520
0.01396298
0.01495981
0.01396346
0.01495981
0.01503277
0.01299572
0.01296830
0.01462674
0.01296782
0.01296592
0.01495719
0.01495981
0.01269913
0.01293588
0.01296282
0.01296639
0.01296544
0.01296401
0.01396108
0.01396322
0.01296854
0.01296329
0.01495981
0.01495981
0.01296568
0.01296258
0.01296926
0.01396370
0.01196694
0.01396680
0.01296926
0.01296496
0.01296401
0.01396680
0.01296520
0.01296568
0.01296544
0.01296520
0.01296687
0.01196766
0.01296282
0.01296473
0.01296520
0.01299953
0.01196790
0.01296210
0.01399827
0.01196933
0.01293397
0.01296592
0.01296425
0.01296520
0.01396394
0.01396585
0.01396179
0.01196671
0.01296473
0.01296520
0.01396179
0.01296568
0.01395893
0.01595736
0.01632690
0.01495886
0.01296902
0.01496267
0.01595998
0.01299548
0.01293206
0.01496005
0.01595759
0.01595759
0.01396179
0.01396179
0.01293564
0.01496649
0.01299357
0.01496005
0.01396179
0.01396227
0.01596093
0.01495886
0.01296568
0.01495981
0.01296329
0.01293731
0.01496053
0.01299834
0.01396394
0.01496220
0.01296568
0.01399469
0.01396322
0.01397347
0.01296473
0.01595426
0.01396060
0.01396179
0.01396418
0.01396322
0.01396298
0.01367784
0.01296473
0.01396298
0.01496553
0.01396322
0.01396251
0.01396084
0.01495910
0.01299882
0.01296401
0.01296568
0.01495957
0.01495862
0.01546955
0.01395893
0.01399994
0.01396155
0.01399422
0.01396203
0.01495481
0.01396155
0.01395988
0.01399660
0.01392722
0.01399374
0.01296473
0.01296711
0.01296425
0.01396608
0.01446962
0.01396179
0.01396227
0.01449800
0.01396418
0.01396441
0.01396203
0.01396441
0.01595831
0.01396179
0.01396251
0.01296687
0.01595402
0.01396942
0.01296377
0.01396060
0.01296401
0.01296425
0.01496005
0.01396298
0.01396608
0.01568317
0.01493096
0.01495862
0.01296639
0.01496124
0.01496005
0.01496100
0.01295710
0.01396203
0.01596045
0.01296592
0.01396227
0.01395726
0.01495934
0.01496053
0.01292968
0.01296234
0.01595616
0.01396132
0.01296234
0.01296520
0.01398873
0.01296520
0.01396155
0.01395607
0.01595402
0.01496053
0.01499057
0.01299882
0.01595759
0.01495814
0.01396203
0.01296449
0.01296520
0.01496339
0.01296544
0.01396513
0.01296401
0.01295948
0.01493049
0.01296854
0.01396322
0.01695371
0.01496077
0.01496100
0.01496172
0.01396275
0.01595545
0.01399136
0.01396322
0.01396060
0.01396275
0.01396060
0.01296616
0.01296306
0.01496339
0.01596189
0.01396227
0.01496029
0.01396227
0.01496100
0.01495934
0.01496029
0.01495838
0.01596045
0.01576066
0.01396203
0.01350760
0.01798892
0.01345491
0.01396108
0.01495934
0.01401019
0.01795387
0.01496100
0.01498890
0.01496053
0.01496029
0.01595902
0.01396084
0.01595759
0.01695776
0.01296663
0.01399636
0.01498795
0.01596093
0.01492882
0.01496077
0.01296639
0.01440907
0.01296830
0.01297021
0.01247382
0.01495743
0.01296353
0.01493120
0.01296782
0.01595831
0.01495886
0.01695418
0.01496291
0.01595807
0.01894855
0.01795292
0.01592970
0.01595926
0.01499248
0.01695228
0.01293612
0.01296568
0.01396132
0.01296949
0.01197004
0.01296353
0.01396251
0.01495600
0.01296568
0.01296568
0.01296425
0.01507092
0.01260352
0.01296449
0.01439714
0.01369095
0.01377130
0.01247597
0.01299119
0.01396322
0.01496696
0.01396203
0.01296329
0.01396370
0.01396251
0.01296496
0.01296520
0.01395988
0.01396346
0.01296329
0.01296949
0.01296425
0.01396441
0.01596069
0.01396322
0.01299572
0.01405692
0.01596045
0.01293683
0.01409221
0.01396084
0.01595736
0.01396346
0.01496243
0.01396275
0.01492834
0.01396179
0.01396275
0.01396179
0.01447296
0.01496148
0.01595855
0.01496029
0.01495981
0.01596045
0.01396346
0.01495957
0.01396298
0.01396203
0.01495838
0.01396465
0.01396346
0.01396298
0.01496100
0.01396275
0.01396084
0.01393175
0.01396441
0.01299810
0.01396346
0.01396132
0.01396108
0.01496124
0.01496053
0.01495767
0.01496029
0.01695728
0.01595736
0.01396179
0.01396298
0.01399469
0.01394343
0.01399350
0.01496053
0.01495862
0.01293921
0.01396227
0.01592565
0.01393390
0.01496100
0.01495910
0.01396275
0.01393294
0.01496196
0.01396537
0.01296425
0.01595569
0.01496291
0.01296496
0.01296377
0.01396227
0.01496124
0.01396227
0.01399040
0.01496196
0.01396060
0.01495790
0.01396322
0.01495600
0.01396298
0.01495910
0.01495886
0.01396346
0.01695728
0.01595855
0.01495838
0.01296401
0.01495910
0.01595759
0.01496005
0.01396084
0.01592636
0.01598978
0.01496148
0.01495886
0.01493168
0.01595950
0.01499391
0.01493049
0.01595759
0.01496339
0.01695347
0.01595902
0.01495814
0.01595640
0.01496243
0.01496077
0.01396275
0.01595306
0.01393199
0.02091074
0.01495910
0.01396418
0.01699448
0.01598597
0.01495957
0.01794863
0.01792073
0.01495862
0.01495790
0.01498866
0.01498985
0.01595831
0.01595640
0.01495862
0.01396370
0.01496077
0.01596022
0.01495814
0.01495910
0.01496005
0.01595640
0.01596022
0.01495957
0.01496220
0.01596165
0.01595736
0.01496077
0.01695323
0.01695490
0.01595592
0.01496053
0.01495981
0.01695681
0.01595759
0.01595831
0.01495862
0.01894879
0.01595640
0.01496243
0.01595759
0.01396465
0.01696110
0.01695585
0.01595688
0.01495957
0.01795268
0.01695418
0.01595831
0.01495671
0.01595664
0.01592851
0.01495934
0.01695514
0.01698232
0.01595950
0.01595783
0.01495957
0.01746607
0.01795220
0.01596117
0.01496053
0.01695442
0.01695728
0.01695418
0.01695013
0.01595569
0.01795292
0.01595712
0.01495934
0.01695347
0.01795316
0.01596045
0.01495886
0.01495838
0.01599002
0.01695371
0.01695490
0.01495719
0.01895356
0.01695609
0.01695585
0.01495957
0.01595616
0.01696205
0.01595759
0.01595354
0.01598954
0.01795077
0.01595807
0.01695299
0.01596379
0.01495886
0.01596022
0.01695514
0.01595688
0.01495790
0.01748705
0.01698279
0.01595664
0.01495886
0.01595664
0.01595879
0.01595807
0.01396227
0.01695561
0.01596165
0.01493001
0.01595640
0.01396298
0.01595902
0.01495838
0.01396060
0.01496077
0.01695848
0.01595736
0.01395988
0.01595402
0.01493025
0.01396251
0.01399279
0.01495457
0.01495981
0.01396275
0.01495934
0.01396251
0.01595688
0.01296544
0.01495838
0.01396155
0.01396155
0.01495743
0.01396441
0.01396132
0.01498818
0.01496148
0.01296306
0.01396179
0.01495957
0.01396275
0.01396441
0.01395941
0.01794887
0.01296616
0.01496124
0.01399422
0.01396370
0.01496053
0.01595688
0.01448274
0.01395965
0.01695585
0.01595783
0.01396084
0.01396084
0.01993799
0.01695013
0.01595831
0.01396441
0.01496005
0.01495934
0.01396370
0.01595640
0.01396465
0.01496172
0.01396370
0.01396108
0.01595759
0.01396227
0.01595807
0.01396298
0.01396275
0.01695657
0.01496029
0.01296282
0.01396251
0.01595926
0.01396298
0.01396108
0.01296473
0.01396132
0.01447654
0.01495767
0.01396275
0.01746893
0.01393199
0.01396179
0.01495981
0.01396799
0.01596665
0.01396298
0.01495981
0.01395869
0.01696348
0.01595664
0.01495647
0.01396060
0.01352930
0.01396155
0.01496053
0.01479697
0.01695657
0.01396155
0.01298046
0.01296186
0.01296520
0.01396179
0.01296401
0.01296496
0.01396203
0.01396298
0.01296663
0.01297879
0.01293731
0.01296639
0.01296663
0.01396370
0.01495934
0.01396370
0.01296353
0.01495576
0.01496100
0.01296401
0.01296592
0.01296544
0.01495767
0.01396346
0.01498747
0.01296449
0.01396298
0.01396370
0.01396275
0.01396227
0.01296592
0.01396441
0.01393151
0.01396108
0.01296306
0.01496315
0.01496291
0.01396251
0.01296473
0.01396275
0.01452637
0.01396489
0.01299334
0.01369810
0.01400757
0.01296663
0.01293254
0.01396132
0.01496124
0.01296496
0.01296568
0.01296496
0.01296616
0.01296473
0.01396251
0.01305652
0.01495934
0.01296496
0.01496100
0.01277781
0.01296520
0.01396441
0.01396394
0.01296449
0.01495981
0.01396346
0.01396298
0.01296353
0.01396036
0.01495981
0.01396346
0.01296425
0.01395988
0.01296568
0.01396465
0.01396656
0.01296425
0.01296353
0.01396346
0.01396298
0.01396370
0.01396060
0.01496029
0.01396227
0.01296282
0.01296306
0.01299310
0.01296473
0.01296377
0.01396275
0.01296306
0.01396179
0.01396346
0.01496005
0.01395988
0.01546931
0.01396132
0.01296592
0.01396203
0.01296306
0.01695561
0.01296282
0.01499128
0.01496434
0.01495695
0.01296091
0.01495910
0.01598930
0.01456213
0.01495981
0.01398969
0.01582646
0.01295328
0.01595926
0.01396132
0.01496100
0.01495910
0.01396894
0.01347971
0.01595879
0.01496029
0.01496172
0.01495934
0.01396418
0.01296830
0.01296616
0.01495242
0.01296020
0.01296663
0.01396227
0.01296329
0.01395893
0.01496315
0.01296568
0.01296473
0.01396275
0.01396084
0.01396346
0.01296663
0.01396084
0.01494956
0.01496077
0.01396346
0.01296544
0.01396537
0.01396465
0.01296496
0.01413298
0.01299119
0.01496077
0.01296353
0.01396251
0.01299715
0.01396608
0.01296425
0.01296687
0.01396394
0.01296258
0.01396298
0.01499152
0.01330256
0.01393199
0.01596117
0.01296616
0.01296449
0.01296449
0.01396370
0.01296520
0.01398826
0.01496124
0.01399374
