0.00598550
0.01396108
0.01299500
0.01396751
0.01396132
0.01296663
0.01296544
0.01396275
0.01496077
0.01296473
0.01495981
0.01495862
0.01498914
0.01396370
0.01395869
0.01396394
0.01396251
0.01296353
0.01296353
0.01499224
0.01495743
0.01495957
0.01495910
0.01596022
0.01396275
0.01299834
0.01396346
0.01496172
0.01296568
0.01559925
0.01495957
0.01496077
0.01499724
0.01396108
0.01396441
0.01495910
0.01396132
0.01396227
0.01396275
0.01396298
0.01396346
0.01296306
0.01589727
0.01595998
0.01495957
0.01247549
0.01396251
0.01293707
0.01447845
0.01595736
0.01296496
0.01296544
0.01596165
0.01495719
0.01395988
0.01396132
0.01396203
0.01296067
0.01493049
0.01496434
0.01396179
0.01296496
0.01396656
0.01296616
0.01296592
0.01293015
0.01495910
0.01595759
0.01496029
0.01296496
0.01293302
0.01496315
0.01399398
0.01299834
0.01396275
0.01397204
0.01296616
0.01396489
0.01296687
0.01396275
0.01595807
0.01595807
0.01396203
0.01396513
0.01496077
0.01496005
0.01396203
0.01299930
0.01399517
0.01196742
0.01396227
0.01296639
0.01495910
0.01595974
0.01393509
0.01396489
0.01496172
0.01495886
0.01396155
0.01399517
0.01496124
0.01596069
0.01496267
0.01299167
0.01496148
0.01595640
0.01496077
0.01498842
0.01495647
0.01396346
0.01396275
0.01396441
0.01496005
0.01496291
0.01499200
0.01296449
0.01396179
0.01496172
0.01396322
0.01396346
0.01396227
0.01399231
0.01296592
0.01396322
0.01296186
0.01493239
0.01595807
