0.00598240
0.01396108
0.01296639
0.01454735
0.01396418
0.01396227
0.01364398
0.01396227
0.01393127
0.01396298
0.01396394
0.01495957
0.01296568
0.01496196
0.01296639
0.01396251
0.01448584
0.01596069
0.01396227
0.01499271
0.01596427
0.01498961
0.01495910
0.01595545
0.01596093
0.01400018
0.01541209
0.01695514
0.01595616
0.01592302
0.01398969
0.01396370
0.01596212
0.01396728
0.01296473
0.01296353
0.01295972
0.01296544
0.01296496
0.01296186
0.01396203
0.01496124
0.01399088
0.01296401
0.01396203
0.01296329
0.01296473
0.01396227
0.01396108
0.01496458
0.01496077
0.01296568
0.01495838
0.01496506
0.01496243
0.01296449
0.01499104
0.01496005
0.01296782
0.01350665
0.01296592
0.01396346
0.01399732
0.01299620
0.01297331
0.01396298
0.01299763
0.01296544
0.01296520
0.01355934
0.01496029
0.01395965
0.01296425
0.01296401
0.01398921
0.01317382
0.01196623
0.01396322
0.01496196
0.01396322
0.01296639
0.01496077
0.01395869
0.01396322
0.01296639
0.01296473
0.01496434
0.01496196
0.01595855
0.01396203
0.01495767
0.01496029
0.01496100
0.01296568
0.01396203
0.01496243
0.01495910
0.01396275
0.01393366
0.01396298
0.01296377
0.01296496
0.01396322
0.01496267
0.01496029
0.01293302
0.01396036
0.01495886
0.01396966
0.01296353
0.01296520
0.01384234
0.01396275
0.01296544
0.01359320
0.01400471
0.01495910
0.01296425
0.01296568
0.01396465
0.01296592
0.01296592
0.01396394
0.01396346
0.01495957
0.01495862
0.01399326
0.01421356
0.01396537
0.01296449
0.01493120
0.01296306
0.01296592
0.01496363
0.01296616
0.01396179
0.01396394
0.01595712
0.01495886
0.01496029
0.01398826
0.01396108
0.01296711
0.01396275
0.01296520
0.01595902
0.01795769
0.01595831
0.01396346
0.01296115
0.01396155
0.01396132
0.01396298
0.01399302
0.01596189
0.01496100
0.01396513
0.01296401
0.01496124
0.01396155
0.01396537
0.01296353
0.01396251
0.01496792
0.01496124
0.01296544
0.01446915
0.01496196
0.01496172
0.01449776
0.01396132
0.01396203
0.01396132
0.01296473
0.01296616
0.01495814
0.01396394
0.01296568
0.01396322
0.01495934
0.01396346
0.01396251
0.01499200
0.01396561
0.01551008
0.01405716
0.01270866
0.01397133
0.01433897
0.01299477
0.01396298
0.01396346
0.01595950
0.01296473
0.01196718
0.01396275
0.01296473
0.01196766
0.01396108
0.01296616
0.01396394
0.01396680
0.01396203
0.01296473
0.01500511
0.01399159
0.01296425
0.01396251
0.01296449
0.01296663
0.01296568
0.01296329
0.01296496
0.01396489
0.01296568
0.01296425
0.01297307
0.01299453
0.01296711
0.01296687
0.01396251
0.01496029
0.01296544
0.01396418
0.01296329
0.01496077
0.01296496
0.01296496
0.01396346
0.01396322
0.01396298
0.01297045
0.01296711
0.01396155
0.01595855
0.01396370
0.01296449
0.01296544
0.01396441
0.01296544
0.01296544
0.01296473
0.01296759
0.01396489
0.01459622
0.01496053
0.01296425
0.01496029
0.01596069
0.01296568
0.01495981
0.01497221
0.01293492
0.01293421
0.01393342
0.01296425
0.01396203
0.01595688
0.01496124
0.01396227
0.01396203
0.01296473
0.01595974
0.01296425
0.01396251
0.01296544
0.01396275
0.01496100
0.01396370
0.01296449
0.01395965
0.01296520
0.01399660
0.01393199
0.01396132
0.01396132
0.01496053
0.01396418
0.01496053
0.01495862
0.01546645
0.01396298
0.01496220
0.01296782
0.01396775
0.01396155
0.01299214
0.01396465
0.01496005
0.01495910
0.01595616
0.01396465
0.01495266
0.01576495
0.01396155
0.01396251
0.01444030
0.01595783
0.01493549
0.01396203
0.01496005
0.01396441
0.01496410
0.01592731
0.01399255
0.01499104
0.01595402
0.01296258
0.01396036
0.01293707
0.01495934
0.01496029
0.01296473
0.01296449
0.01496029
0.01396537
0.01296568
0.01396298
0.01496005
0.01396132
0.01296401
0.01595879
0.01495743
0.01495862
0.01296520
0.01396132
0.01399302
0.01396441
0.01296401
0.01296639
0.01396203
0.01495934
0.01449966
0.01296449
0.01296449
0.01495934
0.01296592
0.01296496
0.01396298
0.01495957
0.01296711
0.01396227
0.01296592
0.01595950
0.01496148
0.01456904
0.01296687
0.01595807
0.01347017
0.01296496
0.01396155
0.01396155
0.01495957
0.01595688
0.01493144
0.01595616
0.01595592
0.01499248
0.01396251
0.01595688
0.01894760
0.01695585
0.01492858
0.01698041
0.01695395
0.01493049
0.01293421
0.01299453
0.01396298
0.01400542
0.01396298
0.01296496
0.01496148
0.01496291
0.01495957
0.01295996
0.01396346
0.01595569
0.01496220
0.01495910
0.01396155
0.01396251
0.01396155
0.01495934
0.01396251
0.01296425
0.01296616
0.01447821
0.01296496
0.01196790
0.01296401
0.01496005
0.01296449
0.01396132
0.01496267
0.01296568
0.01396132
0.01296592
0.01296401
0.01366067
0.01466775
0.01496267
0.01595950
0.01296782
0.01396489
0.01349020
0.01296663
0.01503539
0.01496339
0.01396513
0.01280856
0.01546502
0.01396942
0.01299334
0.01595712
0.01365924
0.01395917
0.01399398
0.01257229
0.01199961
0.02593279
0.01595592
0.01595831
0.01396275
0.01496124
0.01496077
0.01496220
0.01305389
0.01282239
0.01454473
0.01377511
0.01457644
0.01446986
0.01205754
0.01299858
0.01196837
0.01296401
0.01196718
0.01396608
0.01396608
0.01318026
0.01198936
0.01695490
0.01695275
0.01495814
0.01595759
0.01495910
0.01396322
0.01695442
0.01296520
0.01495862
0.01595974
0.01436400
0.01496005
0.01296473
0.01495814
0.01396132
0.01396418
0.01895022
0.01595640
0.01296449
0.01396370
0.01595592
0.01795173
0.01396346
0.01595783
0.01596284
0.01396036
0.01396203
0.01393175
0.01495981
0.01396132
0.01532507
0.01596355
0.01637149
0.01296854
0.01495767
0.01399398
0.01396298
0.01299477
0.01595640
0.01396132
0.01496315
0.01396251
0.01495981
0.01360822
0.01496148
0.01396275
0.01280975
0.01495910
0.01496148
0.01525617
0.01296496
0.01296425
0.01396394
0.01495957
0.01396227
0.01296663
0.01399946
0.01396298
0.01296449
0.01312566
0.01496029
0.01396346
0.01496196
0.01396251
0.01496124
0.01596093
0.01296496
0.01396036
0.01582742
0.01496243
0.01296663
0.01396322
0.01396179
0.01695919
0.01296473
0.01396179
0.01495862
0.01296401
0.01495934
0.01496029
0.01396441
0.01396251
0.01296449
0.01295710
0.01396418
0.01396251
0.01299334
0.01296663
0.01489401
0.01347208
0.01492238
0.01396275
0.01393175
0.01795244
0.01476002
0.01699924
0.01323080
0.01296449
0.01319718
0.01350880
0.01296687
0.01296520
0.01296544
0.01396155
0.01496339
0.01296329
0.01396060
0.01495910
0.01396346
0.01296449
0.01296353
0.01433039
0.01496696
0.01396346
0.01296258
0.01396322
0.01399112
0.01396394
0.01396203
0.01396298
0.01496315
0.01296568
0.01293445
0.01296234
0.01399684
0.01396275
0.01396298
0.01396227
0.01495934
0.01296473
0.01196742
0.01296473
0.01392794
0.01396751
0.01495957
0.01299548
0.01396561
0.01448512
0.01219368
0.01296496
0.01331830
0.01396227
0.01393080
0.01303577
0.01396275
0.01495981
0.01396465
0.01396108
0.01296067
0.01398993
0.01492810
0.01518917
0.01396132
0.01596355
0.01599431
0.01296735
0.01396036
0.01626468
0.01396179
0.01507711
0.01495743
0.01296401
0.01442599
0.01648140
0.01595688
0.01372194
0.01632762
0.01554060
0.01489139
0.01380491
0.01495910
0.02203226
0.01885581
0.02905273
0.01995993
0.02028465
0.01596689
0.01536012
0.01556325
0.01771379
0.01689458
0.01360488
0.01378417
0.01581287
0.01767302
0.01622272
0.01703715
0.02088118
0.01544189
0.01484299
0.01597118
0.01448345
0.01359391
0.01427698
0.01925850
0.01528406
0.01338363
0.01723075
0.01628423
0.01520038
0.01638770
0.01339841
0.01626945
0.01623249
0.01455188
0.01418447
0.01314902
0.01310611
0.01491070
0.01366425
0.01296473
0.01576018
0.01652741
0.01372504
0.01442218
0.01312613
0.01397586
0.01409173
0.01659107
0.01674986
0.01500106
0.01639462
0.01544881
0.01623058
0.01540756
0.01516652
0.01471853
0.01646090
0.01428866
0.01483870
0.01482058
0.01522827
0.01509523
0.02434754
0.01582623
0.01739073
0.01458549
0.01953530
0.01616049
0.01728010
0.01415825
0.01581979
0.01625896
0.01582503
0.01678705
0.02094889
0.01625419
0.01975155
0.01787996
0.01346183
0.01520324
0.01766896
0.01601815
0.01572871
0.01409936
0.01516008
0.01410151
0.01575541
0.01563406
0.01433992
0.01299953
0.01269746
0.01325560
0.01361847
0.01406527
0.01309180
0.01656914
0.01495790
0.01396227
0.01396370
0.01296377
0.01396275
0.01396370
0.01196718
0.01196790
0.01292753
0.01396227
0.01396322
0.01196837
0.01354814
0.01396775
0.01296616
0.01296043
0.01296568
0.01399398
0.01296377
0.01396203
0.01396036
0.01495934
0.01597857
0.01396370
0.01396108
0.01296496
0.01595592
0.01741719
0.01595736
0.01396346
0.01496220
0.01695466
0.01296520
0.01296520
0.01296425
0.01396346
0.01396036
0.01395845
0.01496100
0.01496291
0.01296544
0.01396441
0.01396298
0.01595831
0.01396418
0.01447678
0.01396346
0.01496005
0.01499844
0.01396060
0.01396227
0.01495862
0.01396203
0.01396394
0.01396275
0.01695395
0.01796269
0.01596045
0.01595759
0.01285291
0.01624203
0.01695514
0.01907539
0.01707077
0.01594710
0.01496434
0.01496077
0.01396370
0.01595902
0.01695442
0.01496172
0.01496148
0.01496077
0.01396346
0.01495934
0.01396275
0.01392984
0.01496124
0.01595807
0.01594973
0.02194405
0.02992368
0.01695514
0.01495814
0.01496053
0.01695323
0.01595855
0.01622438
0.01695585
0.01402926
0.01496005
0.01795292
0.01396418
0.01396298
0.01396346
0.01497269
0.01396251
0.01296711
0.01395607
0.01396489
0.01396203
0.01396203
0.01296401
0.01495910
0.01296544
0.01296568
0.01296258
0.01495790
0.01297688
0.01296639
0.01296473
0.01396084
0.01296568
0.01296425
0.01196718
0.01193380
0.01496267
0.01296544
0.01360941
0.01396036
0.01396298
0.01396298
0.01296568
0.01396322
0.01495743
0.01495910
0.01396322
0.01495790
0.01496148
0.01595759
0.01296663
0.01296568
0.01495957
0.01596141
0.01695514
0.01496196
0.01296520
0.01396585
0.01296711
0.01296258
0.01499200
0.01496029
0.01596117
0.01495957
0.01296520
0.01296616
0.01296997
0.01496291
0.01294947
0.01496029
0.01496053
0.01396251
0.01496315
0.01396108
0.01296592
0.01496172
0.01496100
0.01396513
0.01296568
0.01495814
0.01495886
0.01296806
0.01396036
0.01495981
0.01396298
0.01396227
0.01296449
0.01396155
0.01397109
0.01396322
0.01296759
0.01396227
0.01496148
0.01399159
0.01296616
0.01492858
0.01399255
0.01496005
0.01396298
0.01296401
0.01495910
0.01496100
0.01396441
0.01396179
0.01399255
0.01496243
0.01396298
0.01296401
0.01396275
0.01307178
0.01396251
0.01296425
0.01395822
0.01496172
0.01496077
0.01595807
0.01396012
0.01396298
0.01495814
0.01296639
0.01296353
0.01496005
0.01496220
0.01396275
0.01396108
0.01296592
0.01596069
0.01495957
0.01396132
0.01396060
0.01307344
0.01296496
0.01396394
0.01395965
0.01496291
0.01396251
0.01396132
0.01495981
0.01495862
0.01595736
0.01296496
0.01396132
0.01396441
0.01396275
0.01495934
0.01399207
0.01396394
0.01496124
0.01496291
0.01396275
0.01495814
0.01496029
0.01393056
0.01495957
0.01595712
0.01895142
0.01595831
0.01396465
0.01414442
0.01595783
0.01495981
0.01496005
0.01396275
0.01396346
0.01396489
0.01396298
0.01595664
0.01794577
0.01695514
0.01496482
0.01396227
0.01296759
0.01496172
0.01396585
0.01395988
0.01396871
0.01595855
0.01496029
0.01299477
0.01399279
0.01703739
0.01495981
0.01396060
0.01396346
0.01396513
0.01495862
0.01296568
0.01547146
0.01396441
0.01595831
0.01496077
0.01496124
0.01595736
0.01695800
0.01426983
0.01396251
0.01296616
0.01396227
0.01495957
0.01395965
0.01347971
0.01396632
0.01396489
0.01196766
0.01395917
0.01396346
0.01396179
0.01296711
0.01396108
0.01595640
0.01396275
0.01495957
0.01396251
0.01363707
0.01496053
0.01495957
0.01296473
0.01296473
0.01396298
0.01396203
0.01396322
0.01396275
0.01396394
0.01496077
0.01396370
0.01396275
0.01296496
0.01496100
0.01496029
0.01296592
0.01296711
0.01496458
0.01396537
0.01454234
0.01393032
0.01496506
0.01496053
0.01396012
0.01396155
0.01395941
0.01695251
0.01593137
0.01396132
0.01396275
0.01296473
0.01396132
0.01396465
0.01495790
0.01495934
0.01396370
0.01396227
0.01296425
0.01639366
0.01496148
0.01396275
0.01396346
0.01496148
0.01396418
0.01296234
0.01296377
0.01396251
0.01496077
0.01556993
0.01396394
0.01496124
0.01496029
0.01495957
0.01495934
0.01296449
0.01595807
0.01596117
0.01495981
0.01396227
0.01495576
0.01396108
0.01396251
0.01595831
0.01396251
0.01296639
0.01396251
0.01595783
0.01495886
0.01595712
0.01496053
0.01496100
0.01396155
0.01296544
0.01495910
0.01496100
0.01396251
0.01296616
0.01495862
0.01496410
0.01396537
0.01296496
0.01296377
0.01396227
0.01396418
0.01293302
0.01396084
0.01396346
0.01399159
0.01296544
0.01396227
0.01496196
0.01296616
0.01396298
0.01396179
0.01496387
0.01396322
0.01296544
0.01396155
0.01497364
0.01496267
0.01495910
0.01395679
0.01495886
0.01396441
0.01795554
0.01296377
0.01296592
0.01496077
0.01495957
0.01360273
0.01295996
0.01695776
0.01396441
0.01296425
0.01496005
0.01396203
0.01296544
0.01196766
0.01296353
0.01422739
0.01396275
0.01296568
0.01395488
0.01296496
0.01499295
0.01496291
0.01196814
0.01296902
0.01396418
0.01396394
0.01396060
0.01296616
0.01496100
0.01396370
0.01199841
0.01196480
0.01396370
0.01296496
0.01296425
0.01396418
0.01396298
0.01296473
0.01496029
0.01296449
0.01300025
0.01296496
0.01296639
0.01492906
0.01499057
0.01496291
0.01396251
0.01296496
0.01296639
0.01595902
0.01396346
0.01450753
0.01495910
0.01496243
0.01396179
0.01296353
0.01396179
0.01396108
0.01196933
0.01396275
0.01196861
0.01533699
0.01397276
0.01396251
0.01250386
0.01296735
0.01496005
0.01296520
0.01396203
0.01396179
0.01296592
0.01495862
0.01296473
0.01396322
0.01496100
0.01396227
0.01296687
0.01396203
0.01396132
0.01396418
0.01296592
0.01296377
0.01395965
0.01396275
0.01496053
0.01499152
0.01395869
0.01596212
0.01299739
0.01396275
0.01495981
0.01496005
0.01496053
0.01396346
0.01396346
0.01496077
0.01396513
0.01496029
0.01296520
0.01495910
0.01396775
0.01396132
0.01296473
0.01396370
0.01496506
0.01695943
0.01417685
0.01399469
0.01396370
0.01396132
0.01296473
0.01396108
0.01296496
0.01399612
0.01396322
0.01296568
0.01395965
0.01496267
0.01396537
0.01396179
0.01296353
0.01296711
0.01296735
0.01196790
0.01396155
0.01396298
0.01496291
0.01496315
0.01495957
0.01293635
0.01596117
0.01296806
0.01299453
0.01296520
0.01496124
0.01499248
0.01296520
0.01296449
0.01396251
0.01497006
0.01296568
0.01296496
0.01355243
0.01296616
0.01299882
0.01293254
0.01296163
0.01300049
0.01495957
0.01598811
0.01496005
0.01396370
0.01496530
0.01296282
0.01396346
0.01447439
0.01682019
0.01296401
0.01396370
0.01396275
0.01496100
0.01496220
0.01395988
0.01595688
0.01496458
0.01296687
0.01296234
0.01396537
0.01396656
0.01495862
0.01396132
0.01296306
0.01396251
0.01496053
0.01396441
0.01293445
0.01495981
0.01396251
0.01496196
0.01296663
0.01496124
0.01595783
0.01496148
0.01296449
0.01296449
0.01496315
0.01396322
0.01296616
0.01309896
0.01296496
0.01396441
0.01496220
0.01496053
0.01396489
0.01496029
0.01495934
0.01296425
0.01396251
0.01396203
0.01296496
0.01196814
0.01396108
0.01296616
0.01495886
0.01496243
0.01296401
0.01296449
0.01296329
0.01496077
0.01396346
0.01320910
0.01495743
0.01496196
0.01596069
0.01495934
0.01396227
0.01597190
0.01296663
0.01296592
0.01392984
0.01396251
0.01396203
0.01396203
0.01299667
0.01496243
0.01496100
0.01396441
0.01296544
0.01396203
0.01496148
0.01496148
0.01296687
0.01496124
0.01496220
0.01396275
0.01396298
0.01695466
0.01496100
0.01595640
0.01396394
0.01396203
0.01396394
0.01695490
0.01496363
0.01396251
0.01396251
0.01396275
0.01496005
0.01296544
0.01396251
0.01495552
0.01796246
0.01453853
0.01595855
0.01795292
0.01596189
0.01895261
0.01595712
0.01495671
0.01696277
0.01496077
0.01396179
0.01496124
0.01296520
0.01296520
0.01396465
0.01595592
0.01496100
0.01396418
0.01496220
0.01496005
0.01496267
0.01596260
0.01396370
0.01496029
0.01495886
0.01695561
0.01495886
0.01517320
0.01795673
0.01596093
0.01396513
0.01495719
0.01595831
0.01396418
0.01300311
0.01396418
0.01396155
0.01396275
0.01595783
0.01396227
0.01296425
0.01695609
0.03191447
0.01695371
0.01495957
0.01396227
0.01496124
0.01296425
0.01396132
0.01396346
0.01396012
0.01296496
0.01396394
0.01296806
0.01396132
0.01296496
0.01569557
0.01396251
0.01495862
0.01495910
0.01496339
0.01595712
0.01396251
0.01396513
0.01595664
0.01980019
0.01795363
0.01596332
0.01496053
0.01396322
0.01695633
0.01695633
0.01396108
0.01496029
0.01695371
0.01496005
0.01695585
0.01595521
0.01496124
0.01496053
0.01496410
0.01695514
0.01595736
0.01396298
0.01495910
0.01296568
0.01396441
0.01493049
0.02692819
0.01993513
0.02094579
0.01496053
0.01595736
0.01396132
0.01495814
0.01396298
0.01296425
0.01395988
0.01695395
0.01495886
0.01495886
0.01296520
0.01496053
0.01496363
0.01293278
0.01296592
0.01396179
0.01396322
0.01396275
0.01595712
0.01496077
0.01396513
0.01595712
0.01595950
0.01696992
0.01595902
0.01396108
0.01894879
0.01695871
0.01496005
0.01486063
0.01595664
0.01496148
0.01396775
0.01496196
0.01396275
0.01296496
0.01496053
0.01396012
0.01395965
0.01296473
0.01396346
0.01396322
0.01396251
0.01595640
0.01396203
0.01396179
0.01296544
0.01496124
0.01296496
0.01496077
0.01396298
0.01396251
0.01396155
0.01396227
0.01495910
0.01496553
0.01396203
0.01495910
0.01562548
0.01399493
0.01396418
0.01296473
0.01396465
0.01296473
0.01396298
0.01295781
0.01396298
0.01495886
0.01293468
0.01396275
0.01495862
0.01396680
0.01253510
0.01396251
0.01396346
0.01495886
0.01399231
0.01396060
0.01296353
0.01496339
0.01396155
0.01296568
0.01396275
0.01400137
0.01396465
0.01296544
0.01393294
0.01396489
0.01496077
0.01495981
0.01299834
0.01396108
0.01496315
0.01393652
0.01396251
0.01447129
0.01495957
0.01592255
0.01299524
0.01396060
0.01496029
0.01496220
0.01495862
0.01395607
0.01496196
0.01495957
0.01296473
0.01396418
0.01396298
0.01396275
0.01296520
0.01296139
0.01595998
0.01296568
0.01396275
0.01296425
0.01296639
0.01495981
0.01347232
0.01196837
0.01595807
0.01396418
0.01496053
0.01396275
0.01296568
0.01495957
0.01396275
0.01296520
0.01296496
0.01496124
0.01396513
0.01598597
0.01396227
0.01396275
0.01496005
0.01396322
0.01596141
0.01596022
0.01396441
0.01396537
0.01795459
0.01695585
0.01795197
0.01595592
0.01396227
0.01396132
0.01595831
0.01396298
0.01496077
0.01495767
0.01396394
0.01396322
0.01396227
0.01495957
0.01495910
0.01398993
0.01396251
0.01296520
0.01496005
0.01296544
0.01296496
0.01296496
0.01296568
0.01396441
0.01396322
0.01296544
0.01396251
0.01495981
0.01396251
0.01396084
0.01407361
0.01296473
0.01396465
0.01296568
0.01396251
0.01296091
0.01396179
0.01297069
0.01296401
0.01396537
0.01496029
0.01296782
0.01396322
0.01296401
0.01296473
0.01296616
0.01296687
0.01348257
0.01496077
0.01396370
0.01496148
0.01296496
0.01396251
0.01296544
0.01296568
0.01296592
0.01296592
0.01196551
0.01396370
0.01396227
0.01307249
0.01296401
0.01296163
0.01296544
0.01396298
0.01196694
0.01496363
0.01396513
0.01396298
0.01296329
0.01547813
0.01296592
0.01296544
0.01396251
0.01296711
0.01396513
0.01396418
0.01196647
0.01496124
0.01296496
0.01196814
0.01296663
0.01396227
0.01296520
0.01296639
0.01296544
0.01296258
0.01396298
0.01196790
0.01396298
0.01296353
0.01495981
0.01396465
0.01196694
0.01296496
0.01296353
0.01396489
0.01296425
0.01396203
0.01296568
0.01396298
0.01501942
0.01296473
0.01396465
0.01396465
0.01396370
0.01555324
0.01595926
0.01396275
0.01495290
0.01695490
0.01595759
0.01595283
0.01496100
0.01495647
0.01595640
0.01350904
0.01395988
0.01495981
0.01496005
0.01396298
0.01296449
0.01396036
0.01396370
0.01495910
0.01595807
0.01396275
0.01296473
0.01196861
0.01396227
0.01296592
0.01196742
0.01296353
0.01296592
0.01196575
0.01296401
0.01296878
0.01296616
0.01196837
0.01395988
0.01296425
0.01296568
0.01296401
0.01296496
0.01296759
0.01393366
0.01396251
0.01296473
0.01396346
0.01296425
0.01396084
0.01296520
0.01396418
0.01496172
0.01396346
0.01196861
0.01595783
0.01396465
0.01598477
0.01296234
0.01299858
0.01296568
0.01595902
0.01296306
0.01496148
0.01396251
0.01496077
0.01396465
0.01396251
0.01261258
0.01396251
0.01496196
0.01315713
0.01396275
0.01296520
0.01296639
0.01396465
0.01296687
0.01296496
0.01296425
0.01296568
0.01196814
0.01496005
0.01196861
0.01496577
0.01396465
0.01299167
0.01296616
0.01396298
0.01296711
0.01496029
0.01296568
0.01396370
0.01496029
0.01396251
0.01296377
0.01396179
0.01396322
0.01299477
0.01296544
0.01396275
0.01496124
0.01296473
0.01396251
0.01296401
0.01495814
0.01496053
0.01296473
0.01543736
0.01396370
0.01595831
0.01229215
0.01296377
0.01495981
0.01496100
0.01496029
0.01296473
0.01396155
0.01296544
0.01396227
0.01396537
0.01296520
0.01396298
0.01396155
0.01359773
0.01296449
0.01393294
0.01552391
0.01396322
0.01396275
0.01396060
0.01396322
0.01393390
0.01296449
0.01396275
0.01495957
0.01496124
0.01428604
0.01396227
0.01392961
0.01247478
0.01495743
0.01399112
0.01496339
0.01396513
0.01396275
0.01396084
0.01495814
0.01396537
0.01396275
0.01396298
0.01396346
0.01496148
0.01496243
0.01296496
0.01495957
0.01595736
0.01496053
0.01296592
0.01495934
0.01495647
0.01296616
0.01496029
0.01396441
0.01595688
0.01595688
0.01396251
0.01298451
0.01399255
0.01396251
0.01296496
0.01396227
0.01495910
0.01497340
0.01396322
0.01293278
0.01496625
0.01495719
0.01495934
0.01396155
0.01498842
0.01595950
0.01396465
0.01496029
0.01296329
0.01496458
0.01396441
0.01496005
0.01396251
0.01595664
0.01496220
0.01296186
0.01296520
0.01396179
0.01299405
0.01296520
0.01293230
0.01396489
0.01496077
0.01496148
0.01396251
0.01296425
0.01396418
0.01296473
0.01296449
0.01396179
0.01595354
0.01595783
0.01396346
0.01296496
0.01396394
0.01496053
0.01296544
0.01396179
0.01495838
0.01695514
0.01695538
0.01396251
0.01296473
0.01496077
0.01396513
0.01496124
0.01296687
0.01599264
0.01496959
0.01592398
0.01296544
0.01495814
0.01495910
0.01396251
0.01396370
0.01396394
0.01495910
0.01495814
0.01296616
0.01296496
0.01592445
0.01499391
0.01393485
0.01496005
0.01296568
0.01396418
0.01396346
0.01393342
0.01296687
0.01296520
0.01496148
0.01293516
0.01496053
0.01496100
0.01396275
0.01296568
0.01296353
0.01496744
0.01296449
0.01296592
0.01499486
0.01396275
0.01496005
0.01495910
0.01396155
0.01595902
0.01595879
0.01396275
0.01296520
0.01396203
0.01396370
0.01396251
0.01296163
0.01392865
0.01296616
0.01496100
0.01396465
0.01496005
0.01396060
0.01595998
0.01496053
0.01296425
0.01296306
0.01396513
0.01396680
0.01296544
0.01396203
0.01434898
0.01496196
0.01396298
0.01296449
0.01399064
0.01596069
0.01396060
0.01396275
0.01396012
0.01396275
0.01352406
0.01396394
0.01396370
0.01496077
0.01495957
0.01296306
0.01396346
0.01496196
0.01496029
0.01396275
0.01495981
0.01396441
0.01396251
0.01395988
0.01596045
0.01496053
0.01396179
0.01299286
0.01396036
0.01396394
0.01396227
0.01395774
0.01396179
0.01396227
0.01296592
0.01393104
0.01296544
0.01496053
0.01299739
0.01395988
0.01396322
0.01396441
0.01396441
0.01296401
0.01595807
0.01396465
0.01496243
0.01296639
0.01393342
0.01396298
0.01299858
0.01296711
0.01296711
0.01396275
0.01595712
0.01496124
0.01296353
0.01399398
0.01695776
0.01547050
0.01496220
0.01496148
0.01715064
0.01595688
0.01399517
0.01691532
0.01799226
0.01495862
0.01296496
0.01595616
0.01396298
0.01396513
0.01296520
0.01352286
0.01495981
0.01495957
0.01496100
0.01396132
0.01296496
0.01396608
0.01496053
0.01296520
0.01396322
0.01498985
0.01396370
0.01496339
0.01296377
0.01396418
0.01347423
0.01296568
0.01396275
0.01324940
0.01396704
0.01296520
0.01396227
0.01457953
0.01499581
0.01492834
0.01396108
0.01396084
0.01396132
0.01493168
0.01292086
0.01396203
0.01492643
0.01595831
0.01296139
0.01296639
0.01495910
0.01496339
0.01495862
0.01396751
0.01492786
0.01496530
0.01393127
0.01396132
0.01595569
0.01396513
0.01496077
0.01296306
0.01496124
0.01396275
0.01496291
0.01296401
0.01396203
0.01396441
0.01496053
0.01414108
0.01396394
0.01496005
0.01496100
0.01396465
0.01396298
0.01496100
0.01496243
0.01396251
0.01296592
0.01492834
0.01396227
0.01396370
0.01296473
0.01496005
0.01595879
0.01296616
0.01296425
0.01296520
0.01396203
0.01357198
0.01396275
0.01296735
0.01494169
0.01495886
0.01496100
0.01296926
0.01495886
0.01595736
0.01296473
0.01396275
0.01495504
0.01396656
0.01396179
0.01396155
0.01492262
0.01296210
0.01496458
0.01496172
0.01296186
0.01396298
0.01296496
0.01296592
0.01396322
0.01595783
0.01496148
0.01595664
0.01396227
0.01492929
0.01396418
0.01495957
0.01296592
0.01296473
0.01496077
0.01595831
0.01396704
0.01396370
0.01296449
0.01462173
0.01296806
0.01296377
0.01296473
0.01396012
0.01496696
0.01296282
0.01399326
0.01396728
0.01296592
0.01299357
0.01296258
0.01396132
0.01396084
0.01495957
0.01396132
0.01299500
0.01293850
0.01396155
0.01296520
0.01396203
0.01393175
0.01496148
0.01542354
0.01396322
0.01396203
0.01396585
0.01495957
0.01396227
0.01396132
0.01393270
0.01396179
0.01296616
0.01296377
0.01495981
0.01496768
0.01396298
0.01396346
0.01495981
0.01396275
0.01296449
0.01296520
0.01299787
0.01396632
0.01396370
0.01296544
0.01396108
0.01396227
0.01396275
0.01296306
0.01296377
0.01396346
0.01496124
0.01296592
0.01396132
0.01595640
0.01396298
0.01495981
0.01299477
0.01497054
0.01497054
0.01396298
0.01396489
0.01396394
0.01296520
0.01296663
0.01296282
0.01492739
0.01396298
0.01396608
0.01599097
0.01396275
0.01396585
0.01399159
0.01296568
0.01447129
0.01396108
0.01496601
0.01496053
0.01296449
0.01695538
0.01596165
0.01496077
0.01296401
0.01496077
0.01396179
0.01596069
0.01396441
0.01595354
0.01698685
0.01595712
0.01296496
0.01396036
0.01396346
0.01396441
0.01496029
0.01296449
0.01595521
0.01496077
0.01495981
0.01396060
0.01296711
0.01496196
0.01296401
0.01296568
0.01296234
0.01396537
0.01296568
0.01296520
0.01395488
0.01296616
0.01444840
0.01396346
0.01496029
0.01396275
0.01496053
0.01396370
0.01296616
0.01396203
0.01595926
0.01396489
0.01396251
0.01296473
0.01293468
0.01496005
0.01393104
0.01396108
0.01247621
0.01396418
0.01296449
0.01396394
0.01396275
0.01396632
0.01595998
0.01396322
0.01296568
0.01495814
0.01296449
0.01396275
0.01299524
0.01396418
0.01396179
0.01296425
0.01395845
0.01496172
0.01396060
0.01396251
0.01296377
0.01296687
0.01496053
0.01296544
0.01396227
0.01296544
0.01499605
0.01396275
0.01396298
0.01396203
0.01495695
0.01495790
0.01299500
0.01296568
0.01396465
0.01396346
0.01296425
0.01296496
0.01396394
0.01403022
0.01495910
0.01396203
0.01395965
0.01396441
0.01297307
0.01296616
0.01396298
0.01296568
0.01396275
0.01296449
0.01396132
0.01496077
0.01496053
0.01296520
0.01396251
0.01396322
0.01595926
0.01392674
0.01396155
0.01396251
0.01495957
0.01396203
0.01296544
0.01595449
0.01293492
0.01496124
0.01396346
0.01396227
0.01493001
0.01595855
0.01396394
0.01396227
0.01496005
0.01496220
0.01496291
0.01296592
0.01396203
0.01596165
0.01496124
0.01595736
0.01495981
0.01496243
0.01695967
0.01595831
0.01546383
0.01595569
0.01795387
0.01895142
0.01695395
0.01496029
0.01795554
0.01296830
0.01393104
0.01296473
0.01399255
0.01598740
0.01296616
0.01492786
0.01495862
0.01496100
0.01396298
0.01396298
0.01396275
0.01493025
0.01396585
0.01399541
0.01595831
0.01496196
0.01495862
0.01396322
0.01347971
0.01595831
0.01396060
0.01396203
0.01496124
0.01396227
0.01495838
0.01593113
0.01296353
0.01595950
0.01495886
0.01393008
0.01399517
0.01495576
0.01695895
0.01496077
0.01496077
0.01296329
0.01396298
0.01496005
0.01299429
0.01296258
0.01396585
0.01396418
0.01296687
0.01396227
0.01396155
0.01496124
0.01296401
0.01393008
0.01396370
0.01495910
0.01496315
0.01396346
0.01396441
0.01496005
0.01393080
0.01196766
0.01496005
0.01555490
0.01299381
0.01296520
0.01396203
0.01397347
0.01293659
0.01296449
0.01296282
0.01396322
0.01396322
0.01455569
0.01495838
0.01396227
0.01396441
0.01297355
0.01296520
0.01296449
0.01496220
0.01495957
0.01496148
0.01296496
0.01296473
0.01396489
0.01296377
0.01396203
0.01393962
0.01296544
0.01396298
0.01296520
0.01396537
0.01396465
0.01296544
0.01495838
0.01396346
0.01493168
0.01396251
0.01296401
0.01296592
0.01396370
0.01396799
0.01296520
0.01396084
0.01296210
0.01296592
0.01396227
0.01396370
0.01595712
0.01293588
0.01495886
0.01595926
0.01495957
0.01296449
0.01296210
0.01396179
0.01396298
0.01299381
0.01396465
0.01592851
0.01496530
0.01399040
0.01296449
0.01496005
0.01396203
0.01299262
0.01595545
0.01495981
0.01465082
0.01299596
0.01396227
0.01525998
0.01296616
0.01396179
0.01393437
0.01396155
0.01396179
0.01396179
0.01493049
0.01396227
0.01396275
0.01296639
0.01295948
0.01396132
0.01296401
0.01496458
0.01396227
0.01396203
0.01595688
0.01496339
0.01495910
0.01296544
0.01396036
0.01396227
0.01296496
0.01495671
0.01396179
0.01495957
0.01495910
0.01396251
0.01595688
0.01396275
0.01299596
0.01296616
0.01396155
0.01296473
0.01296473
0.01396108
0.01499486
0.01496267
0.01496005
0.01396203
0.01396203
0.01497769
0.01296735
0.01396370
0.01396275
0.01595783
0.01396298
0.01296592
0.01396394
0.01695490
0.01296520
0.01495981
0.01595831
0.01396346
0.01396227
0.01366711
0.01495957
0.01396275
0.01547170
0.01496100
0.01495886
0.01396322
0.01595807
0.01396060
0.01598382
0.01596045
0.01496291
0.01396155
0.01396489
0.01396203
0.01296711
0.01296473
0.01595712
0.01396370
0.01496291
0.01296329
0.01296568
0.01296592
0.01396513
0.01296425
0.01395774
0.01396489
0.01495910
0.01595998
0.01399446
0.01496029
0.01496196
0.01495981
0.01296401
0.01349640
0.01396179
0.01396203
0.01595855
0.01496172
0.01496053
0.01296473
0.01396441
0.01592684
0.01356626
0.01296544
0.01296568
0.01496029
0.01496005
0.01396251
0.01396251
0.01396394
0.01492953
0.01296473
0.01396298
0.01396203
0.01496148
0.01548171
0.01296592
0.01492858
0.01495981
0.01596022
0.01396322
0.01296306
0.01396346
0.01496148
0.01296687
0.01496029
0.01299810
0.01396298
0.01396298
0.01392889
0.01296234
0.01396441
0.01496029
0.01296663
0.01396394
0.01396155
0.01496029
0.01396537
0.01396179
0.01370478
0.01495957
0.01396370
0.01396251
0.01296401
0.01396489
0.01496172
0.01296568
0.01495910
0.01596069
0.01595831
0.01396227
0.01396394
0.01396275
0.01396298
0.01396370
0.01296401
0.01396227
0.01496100
0.01496124
0.01495981
0.01396656
0.01496100
0.01495981
0.01296473
0.01396203
0.01396513
0.01396418
0.01496220
0.01396275
0.01296306
0.01495981
0.01396227
0.01296449
0.01495361
0.01396799
0.01496172
0.01496387
0.01299357
0.01396370
0.01496077
0.01595831
0.01396155
0.01492834
0.01396680
0.01296544
0.01296544
0.01299381
0.01296306
0.01396441
0.01495957
0.01396108
0.01498771
0.01496077
0.01595640
0.01396298
0.01396346
0.01595736
0.01596165
0.01396275
0.01295924
0.01595521
0.01595759
0.01498961
0.01595354
0.01698637
0.01393223
0.01595592
0.01495934
0.01596355
0.01495910
0.01496053
0.01395941
0.01495743
0.01396656
0.01296377
0.01396871
0.01395941
0.01396370
0.01296544
0.01193690
0.01399112
0.01693153
0.01299477
0.01495910
0.01299191
0.01496029
0.01299858
0.01296425
0.01296592
0.01496124
0.01595592
0.01392961
0.01296592
0.01495957
0.01595902
0.01496172
0.01296663
0.01296377
0.01396275
0.01396370
0.01296449
0.01396132
0.01396275
0.01396465
0.01396370
0.01296449
0.01396275
0.01396346
0.01296544
0.01495981
0.01296425
0.01596045
0.01396441
0.01296473
0.01296592
0.01396418
0.01296449
0.01296496
0.01396132
0.01296496
0.01296473
0.01296520
0.01296377
0.01296473
0.01496053
0.01396203
0.01296449
0.01396370
0.01299548
0.01296473
0.01296449
0.01396227
0.01396346
0.01396298
0.01396298
0.01296520
0.01493216
0.01296616
0.01396132
0.01296306
0.01395893
0.01495886
0.01396441
0.01296520
0.01496267
0.01496315
0.01396298
0.01396012
0.01395988
0.01496100
0.01396394
0.01296592
0.01396084
0.01596022
0.01595974
0.01396585
0.01296520
0.01396251
0.01396608
0.01296449
0.01396513
0.01495767
0.01396370
0.01493144
0.01396346
0.01396370
0.01496387
0.01330185
0.01495981
0.01296520
0.01496220
0.01396394
0.01296568
0.01393390
0.01495981
0.01396251
0.01495910
0.01299310
0.01596022
0.01293659
0.01396298
0.01396251
0.01495814
0.01314545
0.01396155
0.01396251
0.01296902
0.01396275
0.01296401
0.01496315
0.01396060
0.01296306
0.01396441
0.01496148
0.01496005
0.01595616
0.01396298
0.01495957
0.01393247
0.01296759
0.01351595
0.01495934
0.01396489
0.01496100
0.01296353
0.01292610
0.01293564
0.01496387
0.01296568
0.01296496
0.01396441
0.01296353
0.01247954
0.01496053
0.01396322
0.01305866
0.01396394
0.01296496
0.01296425
0.01296496
0.01496100
0.01296282
0.01495957
0.01396418
0.01396322
0.01396132
0.01495957
0.01496100
0.01595640
0.01395917
0.01496124
0.01396346
0.01296473
0.01353908
0.01493144
0.01595831
0.01296139
0.01399398
0.01595592
0.01496029
0.01396155
0.01395988
0.01299667
0.01393247
0.01492786
0.01496053
0.01496100
0.01393008
0.01495171
0.01396537
0.01393080
0.01296473
0.01296353
0.01396060
0.01595783
0.01430273
0.01495957
0.01595974
0.01396370
0.01296592
0.01399493
0.01299405
0.01596975
0.01495886
0.01396585
0.01396298
0.01395917
0.01396275
0.01259303
0.01296306
0.01396799
0.01496077
0.01396418
0.01296592
0.01296377
0.01596189
0.01495719
0.01296163
0.01396441
0.01396203
0.01296449
0.01399136
0.01396346
0.01492643
0.01496220
0.01396155
0.01396322
0.01393056
0.01399040
0.01396489
0.01296496
0.01396251
0.01393080
0.01396489
0.01495910
0.01396322
0.01396251
0.01296616
0.01396132
0.01396179
0.01396275
0.01296449
0.01296568
0.01495862
0.01496005
0.01296520
0.01396060
0.01396608
0.01496124
0.01396251
0.01396084
0.01396370
0.01396251
0.01296568
0.01396298
0.01395583
0.01496053
0.01359272
0.01396227
0.01293373
0.01496029
0.01396084
0.01399064
0.01396465
0.01396298
0.01396537
0.01296687
0.01496792
0.01296782
0.01396489
0.01493454
0.01395941
0.01495957
0.01396704
0.01496029
0.01296663
0.01496172
0.01396227
0.01296568
0.01296449
0.01495981
0.01496077
0.01396227
0.01293278
0.01299810
0.01496005
0.01296854
0.01495957
0.01496005
0.01396322
0.01396084
0.01296091
0.01498961
0.01595926
0.01296377
0.01396370
0.01496005
0.01496124
0.01495910
0.01396298
0.01396728
0.01496124
0.01296806
0.01296496
0.01396227
0.01396513
0.01296592
0.01496577
0.01595831
0.01296544
0.01296592
0.01396251
0.01496410
0.01396251
0.01296401
0.01396418
0.01396108
0.01296473
0.01295972
0.01396227
0.01344371
0.01393580
0.01496053
0.01496005
0.01495981
0.01296377
0.01499748
0.01496005
0.01296544
0.01395822
0.01196766
0.01396179
0.01296520
0.01396298
0.01395655
0.01496363
0.01495981
0.01296520
0.01495981
0.01695490
0.01396108
0.01496005
0.01495743
0.01595902
0.01695490
0.01595640
0.01595974
0.01695824
0.01695418
0.01695538
0.01495814
0.01596832
0.01396489
0.01296878
0.01296568
0.01496077
0.01696157
0.01596069
0.01396108
0.01595759
0.01496363
0.01495957
0.01296353
0.01396322
0.01396275
0.01496029
0.01296329
0.01492000
0.01396346
0.01296282
0.01396489
0.01396966
0.01399350
0.01347661
0.01495719
0.01396298
0.01296496
0.01396275
0.01396275
0.01296520
0.01396394
0.01396275
0.01396275
0.01296616
0.01396275
0.01396251
0.01396155
0.01496053
0.01396322
0.01396418
0.01296473
0.01396108
0.01296520
0.01296568
0.01396227
0.01396322
0.01399088
0.01396203
0.01296377
0.01396155
0.01396537
0.01496005
0.01296449
0.01496029
0.01296306
0.01396012
0.01296473
0.01496005
0.01396322
0.01397014
0.01495886
0.01296473
0.01396251
0.01496196
0.01496410
0.01296544
0.01396227
0.01496053
0.01296616
0.01396155
0.01296401
0.01396179
0.01396322
0.01495934
0.01396251
0.01495790
0.01596022
0.01396179
0.01396346
0.01495790
0.01396513
0.01417303
0.01396322
0.01395249
0.01396155
0.01496315
0.01396275
0.01495910
0.01595950
0.01396203
0.01296306
0.01347399
0.01495957
0.01296639
0.01296473
0.01396227
0.01396322
0.01496124
0.01499224
0.01396108
0.01596332
0.01496100
0.01396465
0.01296592
0.01496005
0.01495981
0.01495981
0.01495862
0.01396275
0.01595974
0.01496124
0.01495814
0.01396155
0.01293254
0.01396370
0.01396251
0.01495314
0.01495981
0.01495981
0.01296592
0.01496053
0.01495886
0.01492929
0.01296425
0.01496029
0.01396394
0.01296401
0.01495886
0.01396513
0.01596045
0.01396298
0.01296544
0.01396275
0.01592946
0.01396418
0.01496005
0.01496029
0.01556683
0.01496005
0.01396108
0.01341963
0.01396060
0.01396346
0.01396799
0.01396298
0.01396275
0.01496005
0.01396704
0.01496005
0.01296425
0.01496029
0.01396251
0.01396251
0.01538682
0.01595902
0.01698375
0.01396322
0.01498938
0.01392817
0.01496530
0.01496053
0.01495981
0.01495981
0.01598811
0.01595807
0.01496553
0.01396441
0.01396847
0.01496196
0.01396465
0.01495743
0.01496482
0.01496077
0.01595879
0.01399302
0.01496100
0.01496387
0.01496267
0.01296425
0.01396394
0.01396275
0.01496029
0.01296520
0.01695418
0.01396537
0.01563168
0.01496029
0.01407242
0.01293588
0.01497817
0.01496100
0.01396108
0.01447558
0.01496243
0.01595926
0.01293802
0.01400137
0.01396060
0.01496077
0.01483607
0.01396227
0.01622725
0.01359415
0.01447558
0.01396298
0.01447177
0.01444316
0.01390505
0.01495934
0.01496720
0.01494908
0.01454139
0.01396203
0.01496220
0.01396489
0.01496077
0.01492715
0.01495910
0.01496339
0.01296449
0.01396298
0.01496077
0.01296663
0.01595879
0.01396084
0.01496100
0.01396227
0.01299453
0.01492763
0.01794934
0.01396251
0.01511621
0.01396298
0.01495695
0.01396537
0.01296592
0.01495981
0.01396084
0.01496124
0.01495981
0.01296473
0.01673722
0.01599360
0.01432896
0.01396394
0.01386571
0.01296496
0.01296520
0.01296568
0.01393127
0.01296496
0.01495790
0.01396441
0.01396227
0.01296473
0.01597023
0.01396203
0.01296401
0.01296520
0.01396108
0.01396394
0.01296377
0.01292634
0.01496077
0.01495957
0.01396394
0.01496482
0.01496148
0.01396418
0.01496100
0.01296949
0.01396632
0.01496243
0.01499295
0.01296544
0.01396179
0.01396346
0.01293588
0.01396346
0.01296401
0.01495862
0.01595950
0.01495957
0.01296544
0.01492810
0.01599860
0.01396251
0.01296401
0.01296520
0.01396298
0.01595688
0.01496243
0.01296544
0.01296473
0.01595783
0.01396203
0.01396203
0.01296425
0.01496124
0.01595759
0.01296496
0.01495814
0.01496005
0.01496005
0.01396298
0.01396132
0.01396155
0.01495910
0.01496124
0.01594853
0.01694751
0.01695704
0.01396441
0.01296592
0.01495981
0.01595640
0.01595712
0.01495528
0.01595879
0.01496172
0.01695442
0.01396394
0.01499033
0.01495934
0.01396179
0.01595688
0.01695490
0.01496172
0.01696110
0.01795125
0.02094221
0.01695538
0.01695490
0.01694512
0.01895404
0.01495957
0.01495981
0.01595736
0.01595926
0.01495934
0.01396108
0.01495934
0.01595592
0.01595926
0.01396537
0.01396155
0.01495862
0.01596236
0.01595736
0.01296473
0.01396275
0.01396275
0.01496196
0.01296473
0.01396298
0.01595712
0.01493120
0.01296568
0.01496005
0.01595736
0.01496172
0.01296496
0.01496005
0.01396275
0.01496124
0.01296663
0.01492572
0.01495910
0.01396298
0.01496172
0.01495981
0.01495981
0.01496124
0.01296449
0.01396012
0.01399374
0.01396513
0.01296473
0.01495218
0.01396036
0.01396251
0.01396179
0.01396275
0.01296449
0.01496100
0.01396489
0.01296377
0.01396298
0.01396394
0.01595807
0.01396275
0.01296711
0.01596165
0.01495934
0.01495790
0.01549077
0.01495981
0.01396537
0.01495862
0.01299500
0.01495957
0.01396441
0.01396251
0.01493025
0.01496053
0.01546860
0.01396275
0.01499104
0.01399732
0.01597691
0.01496148
0.01396275
0.01496005
0.01496220
0.01296592
0.01496029
0.01595950
0.01496172
0.01396346
0.01396251
0.01396275
0.01396132
0.01296782
0.01296496
0.01496029
0.01396394
0.01596236
0.01395965
0.01495743
0.01495886
0.01496029
0.01296496
0.01396275
0.01396608
0.01296520
0.01495934
0.01299548
0.01296544
0.01396465
0.01396370
0.01296258
0.01396632
0.01296520
0.01396441
0.01595831
0.01296234
0.01296520
0.01396370
0.01396275
0.01296496
0.01296425
0.01398993
0.01496315
0.01296377
0.01395845
0.01595831
0.01395869
0.01296616
0.01347256
0.01396132
0.01396251
0.01299596
0.01296473
0.01496053
0.01595974
0.01296687
0.01296544
0.01296377
0.01396370
0.01595640
0.01296568
0.01296401
0.01396322
0.01296449
0.01395655
0.01396298
0.01496100
0.01296520
0.01296592
0.01293230
0.01496363
0.01396132
0.01296306
0.01296663
0.01296663
0.01396108
0.01495862
0.01295996
0.01596093
0.01496267
0.01396418
0.01396251
0.01395631
0.01296329
0.01296568
0.01395988
0.01396227
0.01296473
0.01196814
0.01296592
0.01296806
0.01396346
0.01384068
0.01296568
0.01296806
0.01296616
0.01296377
0.01299477
0.01296544
0.01396418
0.01396322
0.01196766
0.01392984
0.01396394
0.01296616
0.01396298
0.01496053
0.01296782
0.01296759
0.01196861
0.01396251
0.01297855
0.01396370
0.01296520
0.01293278
0.01296568
0.01396418
0.01296306
0.01296377
0.01296425
0.01296616
0.01296592
0.01296639
0.01296401
0.01396370
0.01396608
0.01296496
0.01296520
0.01396489
0.01196885
0.01296473
0.01296663
0.01496124
0.01396108
0.01196766
0.01296496
0.01497579
0.01496077
0.01296377
0.01196647
0.01396012
0.01492143
0.01396275
0.01396179
0.01296377
0.01296353
0.01396275
0.01296258
0.01496053
0.01496100
0.01296496
0.01296282
0.01396704
0.01396370
0.01293039
0.01496053
0.01495719
0.01398826
0.01492739
0.01399183
0.01296377
0.01396513
0.01396251
0.01296544
0.01393199
0.01495957
0.01496172
0.01392817
0.01496053
0.01393294
0.01495910
0.01296568
0.01396298
0.01396179
0.01496243
0.01496029
0.01396227
0.01495886
0.01695585
0.01495957
0.01396298
0.01396251
0.01495957
0.01396608
0.01249409
0.01396465
0.01498938
0.01396227
0.01396155
0.01296592
0.01396275
0.01296544
0.01495886
0.01396298
0.01496267
0.01396108
0.01399183
0.01513696
0.01495981
0.01396084
0.01395917
0.01396227
0.01496172
0.01296449
0.01396322
0.01296616
0.01496458
0.01495957
0.01396227
0.01293278
0.01596045
0.01496053
0.01296568
0.01396298
0.01396513
0.01396275
0.01396227
0.01396036
0.01695943
0.01496005
0.01396084
0.01296425
0.01399446
0.01496267
0.01296473
0.01396108
0.01495862
0.01296473
0.01296520
0.01396275
0.01396394
0.01396346
0.01396155
0.01595831
0.01501703
0.01392984
0.01592684
0.01595736
0.01396585
0.01695848
0.01396155
0.01595449
0.01396251
0.01396036
0.01396227
0.01595712
0.01595807
0.01493192
0.01496196
0.01795197
0.01749110
0.01396346
0.01396394
0.01550698
0.01496077
0.01496148
0.01495957
0.01396298
0.01595783
0.01795292
0.01399732
0.01698041
0.01598430
0.01395917
0.01595592
0.01595640
0.01595426
0.01496053
0.01396418
0.01496339
0.01595807
0.01396275
0.01296496
0.01498914
0.01496005
0.01495957
0.01299834
0.01395869
0.01595211
0.01296544
0.01396275
0.01296520
0.01592302
0.01446939
0.01396179
0.01595902
0.01496124
0.01496029
0.01495695
0.01399302
0.01595640
0.01496053
0.01396203
0.01492524
0.01695418
0.01592517
0.01595569
0.01595616
0.01595926
0.01695299
0.01495957
0.01595712
0.01496720
0.01595783
0.01296520
0.01495981
0.01646399
0.01496005
0.01595855
0.01296377
0.01495934
0.01396322
0.01496100
0.01396012
0.01396346
0.01396585
0.01396441
0.01396203
0.01496220
0.01496053
0.01396465
0.01496053
0.01393056
0.01495600
0.01496077
0.01396298
0.01296210
0.01595950
0.01393485
0.01396418
0.01296496
0.01496172
0.01496220
0.01396012
0.01495242
0.01396418
0.01496053
0.01393151
0.01296568
0.01496243
0.01293230
0.01595974
0.01296592
0.01359892
0.01396394
0.01496387
0.01578975
0.01296234
0.01396394
0.01496029
0.01296878
0.01397848
0.01495910
0.01396060
0.01396179
0.01498866
0.01592183
0.01396036
0.01496053
0.01296473
0.01595712
0.01496267
0.01352692
0.01296544
0.01496053
0.01495934
0.01595759
0.01396346
0.01396251
0.01496100
0.01595688
0.01495981
0.01695299
0.01595688
0.01595855
0.01396179
0.01595736
0.01695251
0.01495957
0.01495862
0.01595807
0.01496029
0.01795220
0.01994658
0.01695395
0.01595545
0.01592255
0.01894736
0.01695442
0.01396108
0.01595592
0.01495647
0.01396298
0.01595545
0.01496053
0.01691031
0.01695704
0.01796079
0.01495862
0.01615882
0.01795340
0.01695633
0.01595592
0.01695299
0.01695681
0.01895237
0.01492977
0.01694965
0.01894903
0.01895571
0.01695752
0.01694131
0.01794839
