0.00797868
0.01595879
0.01396179
0.01300120
0.01492739
0.01595879
0.01496196
0.01396203
0.01396370
0.01496053
0.01393127
0.01296353
0.01594996
0.01595783
0.01496339
0.01396370
0.01296496
0.01496124
0.01296544
0.01296449
0.01495242
0.01396513
0.01396298
0.01396585
0.01296592
0.01618862
0.01496005
0.01296282
0.01296425
0.01496077
0.01397872
0.01396513
0.01396227
0.01495910
0.01496029
0.01598835
0.01296473
0.01496053
0.01450658
0.01396322
0.01396322
0.01449513
0.01496053
0.01399517
0.01496053
0.01396370
0.01395917
0.01596427
0.01396370
0.01396179
0.01396298
0.01396298
0.01296496
0.01495838
0.01495981
0.01595974
0.01496220
0.01296568
0.01296520
0.01496196
0.01396179
0.01296544
0.01396370
0.01595712
0.01296639
0.01496124
0.01296473
0.01595736
0.01495957
0.01296544
0.01296473
0.01495957
0.01496220
0.01296425
0.01396203
0.01595783
0.01396227
0.01396465
0.01396179
0.01395774
0.01595807
0.01296496
0.01595902
0.01396251
0.01396251
0.01296473
0.01396346
0.01483154
0.01296687
0.01395941
0.01396155
0.01495981
0.01396251
0.01296425
0.01296997
0.01396227
0.01296568
0.01346993
0.01396275
0.01396155
0.01296544
0.01296592
0.01595831
0.01595759
0.01496100
0.01495790
0.01393199
0.01595855
0.01496649
0.01296735
0.01595712
0.01496220
0.01296568
