2.15135598
0.01894879
0.01895237
0.01695418
0.01695395
0.01396227
0.01296639
0.01695418
0.01696157
0.01495671
0.01396394
0.01296401
0.01396346
0.01456165
0.01396298
0.01296592
0.01746964
0.02093720
0.01795411
0.01695108
0.01495862
0.01496410
0.01396203
0.01596117
0.01296616
0.01795411
0.01695514
0.01596403
0.01495934
0.01595759
0.01299906
0.01595783
0.01492929
0.01296520
0.01396012
0.01296663
0.01097107
0.01097393
0.00997281
0.01097345
0.01097131
0.01097155
0.01196861
0.01196933
0.01198006
0.00997353
0.00997424
0.01493406
0.01496220
0.01094127
0.01196599
0.01197696
0.01396418
0.01097035
0.01097155
0.01097131
0.01376152
0.01097202
0.01196575
0.01197171
0.01296639
0.01296568
0.01097059
0.01138639
0.01296759
0.01097107
0.01296687
0.01093984
0.01097035
0.01097131
0.01196861
0.01196766
0.00997519
0.01196766
0.01097226
0.00997400
0.01193833
0.00997114
0.01097012
0.01296854
0.00997400
0.01096892
0.01097059
0.01097298
0.01097226
0.01096606
0.01197100
0.00997519
0.01096988
0.01196980
0.01097345
0.01197147
0.01097155
0.01096845
0.01296520
0.01396132
0.01596093
0.01396060
0.01894975
0.01196599
0.01196432
0.01197004
0.01393127
0.01298332
0.01296473
0.01296496
0.01595807
0.01495433
0.01196766
0.01096892
0.01296806
0.01396155
0.01097083
0.01396060
0.01396823
0.01396418
0.01196742
0.01197362
0.01496005
0.01196933
0.01296759
0.01093268
0.00997424
0.00997376
0.00997376
0.00997424
0.00997305
0.00997519
0.01000834
0.00997353
0.00997519
0.01695514
0.01695418
0.01495862
0.01296568
0.01495790
0.01296520
0.01296496
0.00997400
0.01196837
0.01096916
0.01196671
0.01094055
0.01396179
0.01097417
0.01097131
0.00997496
0.01296353
0.00997353
0.00997257
0.01096392
0.00997353
0.01196647
0.01396298
0.01196814
0.00997305
0.00997472
0.01097274
0.00997353
0.01097274
0.01196837
0.01396394
0.00997233
0.00997496
0.00997424
0.00997424
0.00997353
0.00997376
0.01096964
0.00997353
0.00997257
0.00948405
0.00997472
0.00997376
0.00897694
0.00997663
0.00997424
0.00997376
0.00997448
0.00997376
0.00992298
0.01197004
0.01196671
0.00997257
0.01170158
0.01097012
0.01396418
0.01097250
0.00997400
0.00997663
0.01395941
0.00996995
0.01025701
0.01097083
0.01096964
0.01196814
0.01097107
0.01196575
0.01196742
0.01097107
0.01097083
0.01296854
0.01195765
0.01196933
0.01097107
0.00997305
0.01097035
0.01196837
0.01392436
0.01296401
0.01097274
0.01097107
0.01193309
0.01196885
0.01196671
0.01100135
0.01100349
0.01100039
0.01094079
0.01196837
0.01196718
0.01094007
0.01196933
0.01296830
0.01796293
0.01196742
0.01197004
0.01097155
0.01196837
0.01097178
0.01097131
0.01097083
0.01097083
0.01097083
0.01197004
0.01695704
0.01595497
0.01393104
0.01296520
0.01296329
0.01795506
0.01296949
0.01196170
0.01396012
0.01699400
0.01396561
0.01495838
0.01496077
0.01496053
0.01296377
0.01595807
0.01396608
0.01296473
0.01196909
0.01296949
0.01396370
0.01157331
0.01096964
0.01234293
0.01296592
0.01398849
0.01196861
0.01196551
0.01296735
0.01196837
0.01396179
0.01296377
0.01396275
0.01196599
0.01196814
0.01196790
0.01097107
0.01196933
0.01196837
0.01196790
0.01196766
0.01196694
0.01296496
0.01196790
0.01196718
0.01296377
0.01196790
0.01296496
0.01196790
0.01296473
0.01196790
0.01196814
0.01196790
0.01196814
0.01196814
0.01196861
0.01196742
0.01296425
0.01502109
0.01396227
0.01296520
0.01296568
0.01396322
0.01296353
0.01396418
0.01595497
0.01794887
0.01795197
0.01695633
0.01595736
0.01396227
0.01595783
0.01421809
0.01495814
0.01396346
0.01595688
0.01296616
0.01795387
0.01595831
0.01396275
0.01196814
0.01296473
0.01196766
0.01296568
0.01296616
0.01296592
0.01296639
0.01468825
0.01496124
0.01395988
0.01495814
0.01495886
0.01504850
0.01196861
0.01296496
0.01196742
0.01196766
0.01196814
0.01296782
0.01296329
0.01358223
0.01296520
0.01496148
0.01694632
0.01296663
0.01496124
0.01296544
0.01396370
0.01296711
0.01284170
0.01296520
0.01296616
0.01396370
0.01296568
0.01595879
0.01894999
0.01695538
0.01396656
0.01396799
0.01495814
0.01396346
0.01296639
0.01296568
0.01393414
0.01596403
0.01496100
0.01598668
0.01296568
0.01396275
0.01396155
0.01296520
0.01428723
0.01595569
0.01396298
0.01296616
0.01296663
0.01496053
0.01296639
0.01396203
0.01296639
0.01296401
0.01396418
0.01297307
0.01396632
0.01492953
0.01392913
0.01396298
0.01296496
0.01296520
0.01296520
0.01496029
0.01496053
0.01396298
0.01296306
0.01359940
0.01296616
0.01396298
0.01347327
0.01450849
0.01296663
0.01396227
0.01296520
0.01396322
0.01396418
0.01396394
0.01599360
0.01795220
0.01646471
0.01595592
0.01499033
0.01396275
0.01494598
0.01495957
0.01495814
0.01695538
0.01493168
0.01396203
0.01296639
0.01695347
0.01296544
0.01495743
0.01396251
0.01296306
0.01496220
0.01199579
0.01296520
0.01196790
0.01296425
0.01596189
0.01296544
0.01196885
0.01296496
0.01596212
0.01296401
0.01196766
0.01395941
0.01495910
0.01397014
0.01296759
0.01296544
0.01296806
0.01495957
0.01396942
0.01196885
0.01296473
0.01396441
0.01196718
0.01396346
0.01196623
0.01196814
0.01196671
0.01196837
0.01196861
0.01196766
0.01196766
0.01196718
0.01496196
0.01499438
0.01396108
0.01396155
0.01296592
0.01595592
0.01496005
0.01296735
0.01299739
0.01495886
0.01395416
0.01196861
0.01396441
0.01695752
0.01595759
0.01396203
0.01695323
0.01496196
0.01196575
0.01499128
0.01296592
0.01396942
0.01396418
0.01495409
0.01396370
0.01296353
0.01396418
0.01396370
0.01496220
0.01296592
0.01296568
0.01393008
0.01492763
0.01296854
0.01296568
0.01296329
0.01196814
0.01296639
0.01296616
0.01296210
0.01396537
0.01396275
0.01296568
0.01695275
0.01296520
0.01296568
0.01296449
0.01296568
0.01296496
0.01296520
0.01396179
0.01496148
0.01296520
0.01396251
0.01196766
0.01296616
0.01296449
0.01296639
0.01296568
0.01296639
0.01396179
0.01296568
0.01296711
0.01296496
0.01296568
0.01296353
0.01196861
0.01296663
0.01296592
0.01296592
0.01296568
0.01396418
0.01296520
0.01296520
0.01296568
0.01296496
0.01696277
0.02098608
0.01695514
0.01496196
0.01396513
0.01296353
0.01396179
0.01492214
0.01396251
0.01296663
0.01296687
0.01295733
0.01596093
0.01296520
0.01396275
0.01496005
0.01495862
0.01396036
0.01595092
0.01496410
0.01296449
0.01496077
0.01296401
0.01296592
0.01296616
0.01296926
0.01296616
0.01296520
0.01296616
0.01396203
0.01296449
0.01474261
0.01396465
0.01296473
0.01296544
0.01296568
0.01296830
0.01296496
0.01296520
0.01296544
0.01296592
0.01396346
0.01296520
0.01296544
0.01296473
0.01296759
0.01595616
0.01595402
0.01396203
0.01396894
0.01495814
0.01396823
0.01595664
0.01296329
0.01296711
0.01396585
0.01495862
0.01694942
0.01496029
0.01595759
0.01396441
0.01495600
0.01695275
0.01495886
0.01496148
0.01296449
0.01396298
0.01496005
0.01296806
0.01296520
0.01296568
0.01196861
0.01296806
0.01296782
0.01296687
0.01196790
0.01296520
0.01296759
0.01296759
0.01196909
0.01196480
0.01196790
0.01299834
0.01396203
0.01296568
0.01296735
0.01196814
0.01247263
0.01196814
0.01296711
0.01296496
0.01296544
0.01196814
0.01895285
0.01826859
0.01399899
0.01595712
0.01296616
0.01288152
0.01296687
0.01395917
0.01496220
0.01399875
0.01396298
0.01296186
0.01296139
0.01495767
0.01392722
0.01695728
0.01396441
0.01296663
0.01296830
0.01496220
0.01399231
0.01496172
0.01296473
0.01595497
0.01252079
0.01397085
0.01296353
0.01196766
0.01196671
0.01196814
0.01296449
0.01196766
0.01097059
0.01196885
0.01196718
0.01196790
0.01196814
0.01196766
0.01196837
0.01196790
0.01196790
0.01196766
0.01293063
0.01196837
0.01196766
0.01196861
0.01196790
0.01196790
0.01196766
0.01196909
0.01650500
0.01294065
0.01196909
0.01196742
0.01296520
0.01396179
0.01196766
0.01296473
0.01296329
0.01596117
0.01396847
0.01296544
0.01396203
0.01393819
0.01396632
0.01296592
0.01296425
0.01396251
0.01599097
0.01296568
0.01496172
0.01496315
0.01296735
0.01296449
0.01296544
0.01409006
0.01296449
0.01396275
0.01442742
0.01396251
0.01496053
0.01496100
0.01402903
0.01994777
0.01691914
0.01495934
0.01396084
0.01596332
0.01596022
0.01596117
0.01495957
0.01595497
0.01695204
0.01396275
0.01396179
0.01695490
0.01695275
0.01599193
0.01495910
0.01496005
0.01396346
0.01595592
0.01496053
0.01695538
0.01492834
