0.01196384
0.01499367
0.01396251
0.01396513
0.01496005
0.01296496
0.01396227
0.01396561
0.01496172
0.01296592
0.01296878
0.01296473
0.01396370
0.01196790
0.01296592
0.01296568
0.01396370
0.01296592
0.01296616
0.01798820
0.01695490
0.01396489
0.01296568
0.01339626
0.01296663
0.01399159
0.01346970
0.01196790
0.01296663
0.01795840
0.01495957
0.01396799
0.01296782
0.01396537
0.01396418
0.01296401
0.01596165
0.01296568
0.01295185
0.01393557
0.01296592
0.01396322
0.01496172
0.01396465
0.01396418
0.01296449
0.01396179
0.01493669
0.01296473
0.01296329
0.01296616
0.01595974
0.01196933
0.01296830
0.01296687
0.01296592
0.01199746
0.01296687
0.01395917
0.01296926
0.01252532
0.01296663
0.01296377
0.01982617
0.02293372
0.01495814
0.01396132
0.01596451
0.01396084
0.01496363
0.01695561
0.01496267
0.01396751
0.01396275
0.01695514
0.01398993
0.01396084
0.01495862
0.01399732
0.01396561
0.01296592
0.01495743
0.01296377
0.01396203
0.01296568
0.01296973
0.01396251
0.01196814
0.01396298
0.01299548
0.01296592
0.01196790
0.01196909
0.01467514
0.01397252
0.01296544
0.01296473
0.01396322
0.01296568
0.01196909
0.01296544
0.01296425
0.01296687
0.01296329
0.01296639
0.01296258
0.01783037
0.01695681
0.01496482
0.01396847
0.01296544
0.01695776
0.01695681
0.01296616
0.01496196
0.01396346
0.01296639
0.01296401
0.01396370
0.01296544
0.01296592
0.01296520
0.01396537
0.01396346
0.01396251
0.01196790
0.01296306
0.01296496
0.01296592
0.01396179
0.01193309
0.01483107
0.01296186
0.01296639
0.01296592
0.01395988
0.01396346
0.01296568
0.01296425
0.01296568
0.01396632
0.01196837
