0.01994991
0.02892518
0.02991438
0.01795268
0.01496148
0.01396370
0.01695251
0.01396298
0.01496196
0.01396346
0.01396084
0.01396203
0.01296377
0.01296520
0.01296520
0.01296496
0.01396346
0.01296449
0.01795650
0.01695299
0.01499033
0.01296663
0.01296473
0.01262379
0.01296592
0.01296520
0.01296473
0.01396441
0.01766038
0.01396298
0.01596093
0.01296306
0.01396346
0.01496363
0.01495600
0.01496172
0.01296520
0.01295972
0.01297069
0.01399446
0.01547003
0.01296425
0.01595497
0.01595926
0.01495934
0.01595592
0.01495957
0.01296639
0.01396418
0.01396346
0.01396227
0.01296639
0.01296496
0.01396251
0.01496267
0.01696157
0.01994348
0.01595807
0.01495886
0.01296520
0.01396251
0.01396322
0.01396036
0.01496100
0.01396322
0.01496100
0.01399660
0.01595736
0.01595879
0.01396251
0.01296401
0.01595426
0.01396251
0.01296639
0.01396036
0.01496077
0.01396513
0.01396155
0.01596332
0.01396251
0.01396275
0.01296544
0.01296568
0.01296520
0.01296425
0.01293778
0.01296520
0.01296520
0.01296520
0.01296520
0.01296258
0.01991439
0.01927829
0.02293777
0.02194023
0.01795292
0.01795268
0.01695323
0.01795983
