0.00997448
0.01396155
0.01496363
0.01196814
0.01196837
0.01196814
0.01296473
0.01396322
0.01595783
0.01794958
0.01595736
0.01396418
0.01396203
0.01296449
0.01196837
0.01196718
0.01396441
0.01296639
0.01296592
0.01196909
0.01496172
0.01396275
0.01196647
0.01196766
0.01196837
0.01396823
0.01296616
0.01395845
0.01296592
0.01296663
0.01296663
0.01297569
0.01296473
0.01296544
0.01595664
0.01396751
0.01396608
0.01296616
0.01296353
0.01396441
0.01196837
0.01296496
0.01296663
0.01196766
0.01196909
0.01233935
0.01296616
0.01196814
0.01296449
0.01296592
0.01296544
0.01296496
0.01293659
0.01296568
0.01496124
0.01495934
0.01296568
0.01296639
0.01347756
0.01296473
0.01196742
0.01296711
0.01714897
0.01495743
0.01396561
0.01396251
0.01595879
0.01595926
0.01499414
0.01296592
0.01396370
0.01595879
0.01595807
0.01296544
0.01196933
0.01396346
0.01595783
0.01296449
0.01296568
0.01196885
0.01595926
0.01396608
0.01495671
0.01692510
0.01695538
0.01296496
0.01396441
0.01196814
0.01495957
0.01296544
0.01296592
0.01296520
0.01296544
0.01296496
0.01296425
0.01296449
0.01296568
0.01396418
0.01496363
0.01981974
0.01894808
0.01596022
0.01296592
0.01296496
0.01396585
0.01495934
0.01296544
0.01279521
0.01196814
0.01496315
0.01496387
0.01396465
0.01296473
0.01496005
0.01296759
0.01292443
0.01399016
0.01297045
0.01196623
0.01196790
0.01496553
0.01296544
0.01396227
0.01396513
0.01197076
0.01297045
0.01196909
0.01196909
0.01447868
0.01296782
0.01199770
0.01196837
0.01396155
0.01196718
0.01299644
0.01396465
0.01196742
0.01396322
0.01396394
0.01296473
0.01396298
0.01296544
0.01196718
0.01196504
0.01396251
0.01196790
0.01196814
0.01396227
0.01396465
0.01196814
0.01196766
0.01296568
0.01296473
0.01196742
0.01196837
0.01196194
0.01499486
0.01196885
0.01196718
0.01296258
0.01396513
0.01300144
0.01196790
0.01396179
0.01396537
0.01296616
0.01296592
0.01296449
0.01396441
0.01196432
0.01196861
0.01196790
0.01296616
0.01695609
0.01795316
0.01595759
0.01595879
0.01296520
0.01196814
0.01395774
0.01496029
0.01514268
0.01296616
0.01296377
0.01296759
0.01296592
0.01296544
0.01295614
0.01396179
0.01396537
0.01396370
0.01296711
0.01795340
0.01396465
0.01296496
0.01296544
0.01296616
0.01500058
0.01296592
0.01392889
0.01396060
0.01496553
0.01296496
0.01296425
0.01296425
0.01396203
0.01296496
0.01296496
0.01196742
0.01296568
0.01296473
0.01196837
0.01396346
0.01296711
0.01296663
0.01694822
0.01795578
0.01655817
0.01495981
0.01395965
0.01296258
0.01396370
0.01596379
0.01296520
0.01296377
0.01496553
0.01395845
0.01196814
0.01196885
0.01296544
0.01396227
0.01296520
0.01296520
0.01396322
0.01347923
0.01196790
0.01296473
0.01296115
0.01396132
0.01196790
0.01196766
0.01196861
0.01296496
0.01195955
0.01196790
0.01296568
0.01196766
0.01296616
0.01695538
0.01599002
0.01596045
0.01396251
0.01296973
0.01396227
0.01594877
0.01396441
0.01396394
0.01396465
0.01396275
0.01495981
0.01296520
0.01396394
0.01296592
0.01296425
0.01347303
0.01495838
0.01396465
0.01196742
0.01196718
0.01296568
0.01396561
0.01196766
0.01196861
0.01396441
0.01396513
0.01196790
0.01196694
0.01296568
0.01296639
0.01196790
0.01196814
0.01196861
0.01097178
0.01097035
0.01097059
0.01196814
0.01196742
0.01296544
0.01595879
0.01296496
0.01324511
0.01097059
0.01196122
0.01449108
0.01395631
0.01396632
0.01196885
0.01196480
0.01393604
0.01396203
0.01496482
0.01195407
0.01196623
0.01496291
0.01196909
0.01196837
0.01396394
0.01496077
0.01296616
0.01196933
0.01196790
0.01296401
0.01396441
0.01097155
0.01196837
0.01396298
0.01396441
0.01296639
0.01296425
0.01396346
0.01296830
0.01296234
0.01396108
0.01250434
0.01496434
0.01296782
0.01296568
0.01396251
0.01396441
0.01396394
0.01396132
0.01396322
0.01296496
0.01196814
0.01495886
0.01595783
0.01396203
0.01396155
0.01695585
0.01700640
0.01496124
0.01595426
0.01395988
0.01695561
0.01496053
0.01495838
0.01496172
0.01496077
0.01396489
0.01396370
0.01296616
0.01496053
0.01396251
0.01496005
0.01496029
0.01396179
0.01396275
0.01695943
0.01991415
0.01695418
0.01496172
0.01595569
0.01495957
0.01695633
0.01595259
0.01695657
0.01554799
0.01495910
0.01595783
0.01595783
0.01495838
0.01695275
0.01595736
0.01695514
0.01396155
0.01524878
0.01895380
0.01496172
0.01496124
0.01392579
0.01695490
0.01599050
0.01595616
0.01595640
0.01496124
0.01495814
0.01496005
0.01496100
0.01495981
0.01495981
0.01496029
0.01396251
0.01395965
0.01547742
0.01592469
0.01498818
0.01406837
0.01493049
0.01495695
0.01595783
0.01296401
0.01399922
0.01396370
0.01396370
0.01396275
0.01396322
0.01396322
0.01396322
