0.01795840
0.03191590
0.02193046
0.01595592
0.01396346
0.01496196
0.01695943
0.01795220
0.01595783
0.01400352
0.01696444
0.01795101
0.01795244
0.01495624
0.01399255
0.01399350
0.01494575
0.01795197
0.01695728
0.01495981
0.02091146
0.01396203
0.01495743
0.01895785
0.01595902
0.01695490
0.01721215
0.02094889
0.01795435
0.01646733
0.01695251
0.01595330
0.01695371
0.01296520
0.01595855
0.01396251
0.01396251
0.02888989
0.01795125
0.01495957
0.01795363
0.01595902
0.01555443
0.01495981
0.01695347
0.01696014
0.01496053
0.01296329
0.01396036
0.01496148
0.01396275
0.01196766
0.01395893
0.01299953
0.01396394
0.01299691
0.01396251
0.01396561
0.04986787
0.01969314
0.01995015
0.01695585
0.01895189
0.01495862
0.01894951
0.01795268
0.01795959
0.01496029
0.01396108
0.01396227
0.01496100
0.01396322
0.01595712
0.01396132
0.01396251
0.01694751
0.06383801
0.02792478
0.01495957
0.01895022
0.01595736
0.01396370
0.01995420
0.01595783
0.01994658
0.01595688
0.01795292
0.02182412
0.01895046
0.01595330
0.01495099
0.01695395
0.01795077
0.01595688
0.01596212
0.01695728
0.01496124
0.01396871
0.01595616
0.01795077
0.01496291
0.01296592
0.01493454
0.01795530
0.01894522
0.01994824
0.01994610
0.01895094
0.01994467
0.01795173
0.01895022
0.01296496
0.01795006
0.01595926
0.01495934
0.01595449
0.01197028
0.01296687
0.01296496
0.01496100
0.01495934
0.01196551
0.01197028
0.01396251
0.01296592
0.01196885
0.01196718
0.01097059
0.01196790
0.01197171
0.01296496
0.01296568
0.01296544
0.01396251
0.01400256
0.01595831
0.01496148
0.01396704
0.01097155
0.01132274
0.01296711
0.01595783
0.01399708
0.01496649
0.01296401
0.01595855
0.01494956
0.01396823
0.01694727
0.01794457
0.01894879
0.01396346
0.01596069
0.01396108
0.01695609
0.01498818
0.01495981
0.01196814
0.01496029
0.01396298
0.01296592
0.01393223
0.01396203
0.01196980
0.01196814
0.01196957
0.01396418
0.01495981
0.02493405
0.02493119
0.01897693
0.01598549
0.01696277
0.01495695
0.01695371
0.01996183
0.01895833
0.01696134
0.01453781
0.01690340
0.01695514
0.02157068
0.01994777
0.01795316
0.01695895
0.01296401
0.01595378
0.01394796
0.01493239
0.01596451
0.01895022
0.01296830
0.01496100
0.01994729
0.01110458
0.01196861
0.01196790
0.01455569
0.01393414
0.01496124
0.01296616
0.01595592
0.01794314
0.01595831
0.01396203
0.01293349
0.01595664
0.02792311
0.01795578
0.01795363
0.02193809
0.02215695
0.01796198
0.01889729
0.02792859
0.02108622
0.01496005
0.01595783
0.01495647
0.01695728
0.01296544
0.01496029
0.01097059
0.01395988
0.01200700
0.01199937
0.01100349
0.01393604
0.01983118
0.01396370
0.01196790
0.01396894
0.01296735
0.01293778
0.01296687
0.01099539
0.01097012
0.01399088
0.01396251
0.01396394
0.01444387
0.01296473
0.01495981
0.01527119
0.01595712
0.01296306
0.01396513
0.01196790
0.01296782
0.01396060
0.01495385
0.01495099
0.01296496
0.01296639
0.01296520
0.01592612
0.01596045
0.01296592
0.01293802
0.01251554
0.01296639
0.01196861
0.01196742
0.01296616
0.01296592
0.01296449
0.01296616
0.01300025
0.01196861
0.01698303
0.01393199
0.01396441
0.01296520
0.01396346
0.01496410
0.01196599
0.01396370
0.01296544
0.01396298
0.01296520
0.01296449
0.01396394
0.01496100
0.01496220
0.01396179
0.01296616
0.01595974
0.01396227
0.01296401
0.01296639
0.01496339
0.01595569
0.01299381
0.01495957
0.01496243
0.01499176
0.01396132
0.01495838
0.01495910
0.01595855
0.01595497
0.01495981
0.01695633
0.01396298
0.01296401
0.01396275
0.01596117
0.01196861
0.01396322
0.01458049
0.01695657
0.01596117
0.01493073
0.01396370
0.01495910
0.01495957
0.01396251
0.01296735
0.01496148
0.01496100
0.01196790
0.01595759
0.01296592
0.01498675
0.01396298
0.01396084
0.01396179
0.01695538
0.01396537
0.01396203
0.01296639
0.01396227
0.01499271
0.01296520
0.01595831
0.01299858
0.01396251
0.01396155
0.01396704
0.01296520
0.01296568
0.01347232
0.01296639
0.01296592
0.01499581
0.01694989
0.01695657
0.01296616
0.01454234
0.01694679
0.01695538
0.01495957
0.01595545
0.01495957
0.01496053
0.01496005
0.01695538
0.01495814
0.01596069
0.01296473
0.01296592
0.01547408
0.01396298
0.01396728
0.01546717
0.01396275
0.01492882
0.01396465
0.01595736
0.01296115
0.01396346
0.01296401
0.01399565
0.01496100
0.01495934
0.01592326
0.01695585
0.01396275
0.01396155
0.01495957
0.01396084
0.01396346
0.01495910
0.01509452
0.01581311
0.01595974
0.01396298
0.01396465
0.01435041
0.01595974
0.01396203
0.01396012
0.01399016
0.01496029
0.01496124
0.01495051
0.01595998
0.01396251
0.01396537
0.01595664
0.01595759
0.01396608
0.01296544
0.01396108
0.01496291
0.01296592
0.01396298
0.01498818
0.01496005
0.01399136
0.01496267
0.01496029
0.01595974
0.01496196
0.01695561
0.01296258
0.01396179
0.01599050
0.01299596
0.01395655
0.01399493
0.01595974
0.01496077
0.01395965
0.01498890
0.01496243
0.01297998
0.01396132
0.01296639
0.01499343
0.01495862
0.01396489
0.01595879
0.01496005
0.01595855
0.01595974
0.01393056
0.01496148
0.01495862
0.01396394
0.01296186
0.01395226
0.01396346
0.01495910
0.01396346
0.01396132
0.01496077
0.01496148
0.01396298
0.01595616
0.01495957
0.01296115
0.01398802
0.01496744
0.01399469
0.01396346
0.01396108
0.01396227
0.01296520
0.01399183
0.01496148
0.01496053
0.01353598
0.01296639
0.01396155
0.01595688
0.01891971
0.01296473
0.01296806
0.01396322
0.01296067
0.01398969
0.01499295
0.01496172
0.01396298
0.01299739
0.01496148
0.01592684
0.01297045
0.01296306
0.01495981
0.01693034
0.01396394
0.01296377
0.01296377
0.01396394
0.01396298
0.01396251
0.01396346
0.01396322
0.01396346
0.01303577
0.01396275
0.01495981
0.01622725
0.01396251
0.01396203
0.01396441
0.01396251
0.01296663
0.01296496
0.01495957
0.01496243
0.01396227
0.01296163
0.01499486
0.01495981
0.01396465
0.01296449
0.01296520
0.01296520
0.01496005
0.01299620
0.01396370
0.01296496
0.01196766
0.01296568
0.01296520
0.01296544
0.01296592
0.01296568
0.01399088
0.01795077
0.01495862
0.01794958
0.01396275
0.01396322
0.01196623
0.01396608
0.01396275
0.01396370
0.01396537
0.01399255
0.01496983
0.01496053
0.01496077
0.01498699
0.01596117
0.01396585
0.01396322
0.01495600
0.01595712
0.01594758
0.01505756
0.01698518
0.01496029
0.01496649
0.01595879
0.01396036
0.01719403
0.01795101
0.01794243
0.01795077
0.01495838
0.01296425
0.01496053
0.01496220
0.01496553
0.01396441
0.01495647
0.01296568
0.01496100
0.01495886
0.01496196
0.01396155
0.01496053
0.01496148
0.01495934
0.01394868
0.01695776
0.01495957
0.01296592
0.01296592
0.01396585
0.01396108
0.01393318
0.01396346
0.01595807
0.01396275
0.01995039
0.02193809
0.01595902
0.01547575
0.01496363
0.01393318
0.01595879
0.01496172
0.01495957
0.01394105
0.01595330
0.01396275
0.01396418
0.01595998
0.01396132
0.01296401
0.01293492
0.01451159
0.01496649
0.01393008
0.01396275
0.01296520
0.01296449
0.01196313
0.01399565
0.01496339
0.01396585
0.01336098
0.01396275
0.01396632
0.01547337
0.01299477
0.01296949
0.01396465
0.01296663
0.01396203
0.01296163
0.01396203
0.01396298
0.01296735
0.01399493
0.01296520
0.01296544
0.01496077
0.01396179
0.01399541
0.01496029
0.01495910
0.01293445
0.01493406
0.01496053
0.01396298
0.01296687
0.01495790
0.01296687
0.01296592
0.01296115
0.01396179
0.01396537
0.01396251
0.01496124
0.01296329
0.01495981
0.01296401
0.01496267
0.01296401
0.01465726
0.01396561
0.01299858
0.01196814
0.01595569
0.01296663
0.01296568
0.01296377
0.01295781
0.01296449
0.01495957
0.01396275
0.01296639
0.01425600
0.01296496
0.01396489
0.01396203
0.01496077
0.01396394
0.02093911
0.01698184
0.01396132
0.01495504
0.01695418
0.01595902
0.01399446
0.01396060
0.01496124
0.01596355
0.01396275
0.01399183
0.01399422
0.01596165
0.01196599
0.01296639
0.01595783
0.01396275
0.01694870
0.01396370
0.01296329
0.01296520
0.01373649
0.01595807
0.01595545
0.01492739
0.01296329
0.01595855
0.01795602
0.01296926
0.01398945
0.01296043
0.01496601
0.01396275
0.01299286
0.01396251
0.01296401
0.01296473
0.01259089
0.01296520
0.01396441
0.01396298
0.01296568
0.01495790
0.01332855
0.01396298
0.01396203
0.01296329
0.01232028
0.01296473
0.01595688
0.01396298
0.01396489
0.01396322
0.01296496
0.01295829
0.01296496
0.01496434
0.01396275
0.01196694
0.01350570
0.01396370
0.01399326
0.01296687
0.01296401
0.01396489
0.01296592
0.01296806
0.01396441
0.01299477
0.01296687
0.01296830
0.01296473
0.01396632
0.01196861
0.01296282
0.01396322
0.01196837
