0.01296544
0.01795125
0.02193880
0.01596141
0.01496029
0.01595712
0.01495790
0.01895261
0.01496053
0.01695418
0.01994324
0.01798534
0.02194190
0.01894951
0.02194047
0.01795387
0.01695275
0.01592779
0.01595759
0.01795053
0.02094388
0.01791859
0.02194190
0.02393842
0.03410292
0.03291726
0.02316856
0.02194357
0.01994467
0.02064919
0.01994300
0.02194166
0.01994777
0.02094269
0.02293682
0.01995111
0.02293301
0.01894903
0.01994753
0.02386332
0.02194118
0.02593279
0.02294230
0.02493167
0.01994658
0.01695943
0.01695323
0.01695466
0.01495910
0.01496029
0.01496077
0.01495934
0.02592731
0.01695752
0.01496077
0.01595616
0.01547146
0.01595664
0.01495981
0.02943659
0.02194262
0.02792549
0.02194238
0.02493191
0.02493477
0.02193904
0.02592731
0.02592850
0.02393532
0.02194333
0.02293897
0.02692962
0.02692819
0.02692842
0.03191423
0.02792478
0.02393556
0.02094603
0.02692556
0.03092051
0.02692580
0.02493358
0.02194309
0.01595640
0.01846552
0.01894927
0.01795292
0.01792645
0.01698208
0.01993489
0.02382159
0.01698804
0.01695514
0.01595974
0.01695371
0.01495957
0.01991391
0.01795173
0.01495981
0.01794934
0.01894999
0.01795506
0.01595664
0.01749730
0.01696277
0.01595736
0.01646733
0.01595759
0.01595664
0.01495981
0.01795721
0.01495910
0.01595902
0.01595688
0.01994967
0.02792144
0.01795220
0.01991439
0.01894736
0.01695490
0.01595736
0.01994610
0.01795220
0.01795292
0.01595688
0.01794982
0.01595759
0.01894808
0.01695490
0.01495981
0.01695085
0.01894999
0.01695466
0.01695251
0.01695442
0.01795077
0.01595855
0.01595759
0.01549411
0.01595807
0.01498818
0.01496363
0.01595998
0.02193689
0.01991463
0.01795125
0.01994538
0.01792216
0.01795173
0.01595616
0.02094507
0.02378249
0.01994729
0.01894999
0.01646662
0.01695514
0.01798701
0.01795459
0.01695824
0.01595831
0.01695299
0.01795363
0.01595545
0.01495934
0.01595831
0.01894855
0.01496005
0.01595902
0.01595616
0.01695418
0.01495934
0.02194047
0.02692699
0.02194309
0.01994252
0.01894069
0.02294803
0.01895118
0.01895022
0.01695871
0.01994801
0.01595640
0.01694989
0.01794982
0.01595354
0.01994967
0.01692367
0.02789283
0.02094436
0.02294016
0.02792668
0.02393603
0.02493095
0.01894569
0.01894689
0.02991772
0.01894903
0.02993393
0.03265738
0.02892208
0.03091908
0.02493000
0.02293921
0.02792621
0.05996084
0.05784798
0.04287720
0.04986811
0.04387498
0.02393675
0.02991915
0.02293825
0.02692962
0.02194500
0.03191686
0.02792430
0.01894951
0.01795578
0.01496005
0.01496005
0.01396275
0.01595688
0.01396322
0.01296544
0.01399541
0.01399231
0.01396394
0.01396251
0.02094388
0.02194071
0.01495862
0.01795912
0.01595879
0.01299429
0.01496673
0.01548123
0.01795220
0.01496029
0.02393508
0.01494813
0.01495934
0.01595712
0.01495934
0.01695514
0.01695371
0.01495957
0.01595712
0.01396441
0.01596045
0.01795101
0.01695395
0.01495934
0.01496077
0.01495910
0.01595592
0.01499224
0.01499128
0.01498866
0.02197218
0.01595163
0.01894689
0.01592588
0.01795483
0.01396251
0.01795316
0.01896858
0.01695728
0.01695418
0.01592779
0.01495957
0.01495934
0.02393699
0.02892256
0.01894689
0.02094769
0.01994586
0.02393937
0.01895452
0.01595497
0.01795602
0.01595688
0.02094269
0.01595759
0.01795435
0.01695609
0.02094793
0.02876019
0.02692819
0.01695371
0.01994538
0.01795053
0.01695418
0.01794958
0.01695085
0.01795411
0.01596069
0.01595736
0.01795149
0.01595688
0.01695395
0.01595569
0.01595640
0.01695418
0.01595688
0.01795244
0.01697946
0.01595688
0.01595831
0.01795506
0.01967120
0.01994681
0.01698256
0.01595616
0.01695919
0.01695275
0.01595640
0.01994681
0.01695442
0.01595759
0.01854324
0.01795459
0.01695514
0.01495981
0.01894832
0.01795197
0.01595759
0.01695538
0.01795149
0.01795197
0.01848793
0.01695442
0.01695704
0.01596498
0.01795316
