0.01096797
0.01795244
0.01396227
0.01595736
0.01695514
0.01396251
0.01695704
0.01695037
0.01797843
0.01496220
0.01496243
0.01595712
0.01595855
0.01695418
0.01492977
0.01495743
0.01695466
0.01595712
0.01695466
0.01695490
0.01795316
0.01795745
0.01496029
0.01595592
0.01678848
0.01795435
0.01495838
0.01595879
0.01595974
0.01499200
0.01495957
0.01595902
0.01795268
0.02094436
0.01795459
0.01795340
0.01595736
0.01795626
0.01695752
0.01695561
0.01695108
0.01695514
0.01695347
0.01595759
0.01595092
0.01695609
0.01498747
0.01795220
0.01695323
0.01898217
0.01595521
0.01695251
0.01791382
0.01693535
0.01798534
0.01894999
0.01595712
0.01547027
0.01695347
0.01895189
0.01795459
0.01695514
0.01595545
0.01795721
0.01795363
0.01495671
0.01794863
0.01795387
0.01795173
0.01692033
0.01922011
0.01695442
0.01595902
0.01546812
0.01496029
0.01595950
0.01495957
0.01595831
0.01496005
0.01598692
0.02194738
0.02293944
0.01795268
0.01695442
0.01994634
0.01795745
0.01695704
0.01595473
0.01695442
0.01795435
0.01595759
0.01795006
0.01694894
0.01695538
0.01595712
0.01795197
0.01795030
0.01894951
0.01795340
0.01695371
0.01595736
0.01595640
0.01543784
0.01595902
0.01695633
0.01798296
0.01496005
0.01795101
0.01696014
0.01731062
0.01794982
0.01496029
0.01496029
0.01695538
0.01495814
0.01595783
0.01496029
0.01595783
0.01598883
0.01398706
0.01495934
0.01396132
0.01695848
0.02094579
0.02094269
0.01596785
0.01695585
0.01595879
0.01795053
0.01798511
0.01595736
0.01595807
0.01595521
0.01695657
0.01595736
0.01598907
0.01496029
0.01695919
0.01396275
0.01495934
0.01595592
0.01695585
0.01798606
0.01695871
0.01395965
0.01598549
0.01695275
0.01495934
0.01396298
0.01895094
0.01495957
0.01594949
0.01592636
0.01499248
0.01794910
0.01593041
0.01695442
0.01495957
0.01595712
0.01496005
0.01396322
0.01595783
0.01395965
0.01395869
0.01495957
0.01695442
0.01495886
0.01695395
0.01595712
0.01695466
0.01795292
0.01492953
0.01495790
0.01695466
0.01695800
0.01495981
0.01595712
0.01496029
0.01695228
0.01695323
0.01795292
0.01446891
0.01595783
0.01392436
0.01595783
0.01595783
0.01599503
0.01595688
0.01595545
0.01695371
0.01499939
0.01495981
0.01595736
0.01595616
0.01695776
0.01795387
0.01550746
0.01795268
0.01692319
0.01695585
0.01495910
0.01695633
0.01695633
0.01595712
0.01695418
0.01997542
0.02293777
0.02094603
0.01795602
0.01795363
0.01891661
0.01994681
0.02194166
0.01695299
0.01798224
0.01795554
0.01795030
0.01695490
0.01595664
0.01496005
0.01599145
0.01692271
0.01695561
0.01599073
0.01994967
0.01695466
0.01664853
0.01794338
0.01848388
0.01795316
0.01739240
0.01496029
0.01802039
0.01592851
0.01695657
0.01499033
0.01495957
0.01695514
0.01796818
0.01658845
0.01496029
0.01595759
0.01595736
0.01592875
0.01795506
0.01695490
0.01538420
0.01695561
0.01892138
0.01595521
0.01595664
0.01495504
0.01795220
0.01596093
0.01695514
0.01495957
0.01795268
0.01795506
0.01595974
0.01695275
0.01495695
0.01795959
0.01595736
0.01496267
0.01592565
0.01496220
0.01695299
0.01496053
0.01595521
0.01596069
0.01595855
0.01496053
0.01495862
0.01595449
0.01595545
0.01595783
0.01695418
0.01895070
0.01698518
0.01496267
0.01695347
0.01695418
0.01695466
0.01492476
0.01698685
0.01593041
0.01795292
0.01495934
0.01594734
0.01595974
0.01795316
0.01496029
0.01396537
0.01595354
0.01595783
0.01596165
0.01795173
0.01495171
0.01598763
0.01499581
0.01795244
0.01798272
0.01795888
0.01695371
0.01795125
0.01695514
0.01496029
0.01795173
0.01695395
0.01895285
0.01698875
0.01599240
0.01495910
0.01498818
0.01698613
0.01695824
0.01695514
0.01595521
0.01994300
0.01695728
0.01495838
0.01595426
0.01895237
0.01695681
0.01695633
0.01595855
0.01695442
0.01595783
0.01496148
0.01395893
0.01698852
0.01695728
0.01695538
0.01496315
0.01795149
0.01595712
0.01795626
0.01496768
0.01695538
0.01595831
0.01795053
0.01692009
0.01795197
0.01794767
0.01795244
0.01795602
0.01795220
0.01657128
0.01595759
0.01595640
0.01795435
0.01695514
0.01495981
0.01495981
0.01496029
0.01595759
0.01496077
0.01496005
0.01595736
0.01496029
0.01447082
0.01496005
0.01496029
0.01595592
0.01598787
0.01595712
0.01596069
0.01396060
0.01595616
0.01595712
0.01595712
0.01695466
0.01598597
0.01592731
0.01695538
0.01595759
0.01495886
0.01492786
0.01596069
0.01496124
