0.00897408
0.01299357
0.01300573
0.01299405
0.01695347
0.01592684
0.01396346
0.01595736
0.01595736
0.01595950
0.01695466
0.01396179
0.01496077
0.01595855
0.01595664
0.01595688
0.01396203
0.01396155
0.01396585
0.01296997
0.01296568
0.01296210
0.01393151
0.01296568
0.01496029
0.01293516
0.01396084
0.01496148
0.01496339
0.01296592
0.01395798
0.01399350
0.01441169
0.01296496
0.01396036
0.01386166
0.01396251
0.01396298
0.01296544
0.01395941
0.01396441
0.01396298
0.01495862
0.01293373
0.01495600
0.01296425
0.01296639
0.01300263
0.01418233
0.01499391
0.01296830
0.01396489
0.01296067
0.01396275
0.01296520
0.01495957
0.01296663
0.01396537
0.01296687
0.01438785
0.01499319
0.01396418
0.01396275
0.01296473
0.01496005
0.01296496
0.01495886
0.01296544
0.01296496
0.01296258
0.01499104
0.01396298
0.01196742
0.01296377
0.01296639
0.01296687
0.01396203
0.01296067
0.01395583
0.01396394
0.01396322
0.01296544
0.01396632
0.01496100
0.01396132
0.01396155
0.01395750
0.01596022
0.01496005
0.01296377
0.01396203
0.01392746
0.01496172
0.01396251
0.01395988
0.01395893
0.01596141
0.01496029
0.01396251
0.01396132
0.01396370
0.01353621
0.01496029
0.01296329
0.01296234
0.01396275
0.01296592
0.01396251
0.01299715
0.01492691
0.01496339
0.01640987
0.01296520
0.01396251
0.01495862
0.01496243
0.01599145
0.01396084
0.01296186
0.01499319
0.01396489
0.01495838
0.01396084
0.01595759
0.01296592
0.01396370
0.01393509
0.01296544
0.01296520
0.01396346
0.01396275
0.01396298
0.01496005
0.01496029
0.01499009
0.01296258
0.01695967
0.01496029
0.01398897
0.01496100
0.01495910
0.01546836
0.01396227
0.01399469
0.01447010
0.01396418
0.01396275
0.01492715
0.01595664
0.01595807
0.01396298
0.01396227
0.01595426
0.01496172
0.01496077
0.01396108
0.01496005
0.01462626
0.01496005
0.01595831
0.01499629
0.01498961
0.01396251
0.01399207
0.01596022
0.01496053
0.01296282
0.01396251
0.01496124
0.01296616
0.01396322
0.01396322
0.01595998
0.01396251
0.01495767
0.01396370
0.01595569
0.01396275
0.01598859
0.01797724
0.01495957
0.01495790
0.01495981
0.01595712
0.01695824
0.01396346
0.01499176
0.01595736
0.01595736
0.01598501
0.01396179
0.01399541
0.01596427
0.01496077
0.01396227
0.01296401
0.01396036
0.01496267
0.01296568
0.01396251
0.01398516
0.01595569
0.01496267
0.01396203
0.01396298
0.01595616
0.01596165
0.01395774
0.01496077
0.01496148
0.01396275
0.01396585
0.01496005
0.01396441
0.01396179
0.01396966
0.01496053
0.01350594
0.01296234
0.01396251
0.01396394
0.01396346
0.01296115
0.01396537
0.01396871
0.01496291
0.01296544
0.01396012
0.01495862
0.01396561
0.01495910
0.01296377
0.01392460
0.01496315
0.01196718
0.01496148
0.01495671
0.01396489
0.01396489
0.01595592
0.01396632
0.01695418
0.01596284
0.01595736
0.01396608
0.01596045
0.01399136
0.01596141
0.01296544
0.01396608
0.01396322
0.01595712
0.01496005
0.01247501
0.01595807
0.01496053
0.01296496
0.01595855
0.01496148
0.01398897
0.01396346
0.01496315
0.01496196
0.01296520
0.01296639
0.01496053
0.01552701
0.01396322
0.01595688
0.01396465
0.01399565
0.01695395
0.01676011
0.01495934
0.01795292
0.01595855
0.01695371
0.01797748
0.01595759
0.01299882
0.01695323
0.01595688
0.01546764
0.01496077
0.01595759
0.01648331
0.01396346
0.01396418
0.01396179
0.01495171
0.01395464
0.01595688
0.01496172
0.01495981
0.01695395
0.01495981
0.01395988
0.01396513
0.01499462
0.01296520
0.01598716
0.01496220
0.01595926
0.01399207
0.01695251
0.01695609
0.01496005
0.01296234
0.01399112
0.01396441
0.01396465
0.01396179
0.01795101
0.01694107
0.01595759
0.01494861
0.01495457
0.01592946
0.01595664
0.01296616
0.01299381
0.01495934
0.01496029
0.01495957
0.01296473
0.01696014
0.01595736
0.01396585
0.01296067
0.01396179
0.01393509
0.01295757
0.01296639
0.01395607
0.01396704
0.01296711
0.01296616
0.01396322
0.01396275
0.01695514
0.01495624
0.01296592
0.01592946
0.01695895
0.01795268
0.01495838
0.01498556
0.01695395
0.01595974
0.01695490
0.01695561
0.01799297
0.01695251
0.01396394
0.01495218
0.01894712
0.01496124
0.01293707
0.01496053
0.01296329
0.01595807
0.01347303
0.01396394
0.01393414
0.01296520
0.01396179
0.01395822
0.01396513
0.01252937
0.01396346
0.01396370
0.01396370
0.01396322
0.01396370
0.01396298
0.01396108
0.01296449
0.01396346
0.01396012
0.01496100
0.01196766
0.01352954
0.01396346
0.01396632
0.01421881
0.01496291
0.01495934
0.01393080
0.01496339
0.01396108
0.01592541
0.01795316
0.01492786
0.01396322
0.01495981
0.01592946
0.01499248
0.01496005
0.01495433
0.01795101
0.01496029
0.01595926
0.01396418
0.01598787
0.01500392
0.01496077
0.01299381
0.01595855
0.01596189
0.01495981
0.01396227
0.01396012
0.01396394
0.01595950
0.01296592
0.01495981
0.01396275
0.01595902
0.01496005
0.01492953
0.01495981
0.01795125
0.01495934
0.01296616
0.01396418
0.01399469
0.01557136
0.01396298
0.01396322
0.01795077
0.01596141
0.01396227
0.01396203
0.01399374
0.01396370
0.01595473
0.01495981
0.01599669
0.01496387
0.01396489
0.01497054
0.01396275
0.01296568
0.01595926
0.01495838
0.01396608
0.01495862
0.01296258
0.01396322
0.01396370
0.01396513
0.01595116
0.01595426
0.01598310
0.01396203
0.01296473
0.01496148
0.01495886
0.01396418
0.01652145
0.01495910
0.01596189
0.01396346
0.01495790
0.01495981
0.01496077
0.01396322
0.01493168
0.01595688
0.01496339
0.01495862
0.01496029
0.01396275
0.01695180
0.01595736
0.01496005
0.01396203
0.01409793
0.01496029
0.01396298
0.01396346
0.01495934
0.01396179
0.01695871
0.01296568
0.01396251
0.01496100
0.01596117
0.01396418
0.01296210
0.01396084
0.01599884
0.01396179
0.01512766
0.01396179
0.01557589
0.01499081
0.01396346
0.01396132
0.01695919
0.01595831
0.01393127
0.01399016
0.01496172
0.01496148
0.01396155
0.01396537
0.01496029
0.01395869
0.01496077
0.01296544
0.01598167
0.01495600
0.01496077
0.01296377
0.01396298
0.01499557
0.01296520
0.01495910
0.01295972
0.01493669
0.01495409
0.01495743
0.01296592
0.01596117
0.01692295
0.01495767
0.01396108
0.01492429
0.01399398
0.01496053
0.01296139
0.01496196
0.01595902
0.01496124
0.01396132
0.01395559
0.01399565
0.01493669
0.01595688
0.01392508
0.01496267
0.01496220
0.01496005
0.01393127
0.01594448
0.01595831
0.01692700
0.01495957
0.01594067
0.01595378
0.01599288
0.01595616
0.01496053
0.01595616
0.01496077
0.01296282
0.01364756
0.01396298
0.01396322
0.01495934
0.01495934
0.01296425
0.01496124
0.01395941
0.01795363
0.01499271
0.01396203
0.01396108
0.01396275
0.01496315
0.01495767
0.01296210
0.01396275
0.01596069
0.01399350
0.01392865
0.01299739
0.01595712
0.01499414
0.01396227
0.01296425
0.01595736
0.01396275
0.01296544
0.01396275
0.01399326
0.01495981
0.01296711
0.01496243
0.01396251
0.01595807
0.01393223
0.01296353
0.01393127
0.01595926
0.01396108
0.01492977
0.01296401
0.01595497
0.01296639
0.01396322
0.01396227
0.01396370
0.01696205
0.01396370
0.01450968
0.01398969
0.01396394
0.01496029
0.01496267
0.01396060
0.01499152
0.01499057
0.01296234
0.01296997
0.01396203
0.01496148
0.01496220
0.01399064
0.01296306
0.01496029
0.01396346
0.01396418
0.01396155
0.01495790
0.01496124
0.01496172
0.01396298
0.01499152
0.01496005
