0.00997376
0.01396275
0.01495910
0.01496077
0.01595807
0.01495910
0.01595712
0.01495910
0.01595736
0.01695395
0.02493358
0.02393627
0.02396560
0.02393651
0.02293897
0.02194238
0.01296544
0.01396251
0.01196885
0.01196814
0.01296782
0.01894832
0.01495814
0.01196694
0.01097083
0.01296568
0.01396394
0.01199865
0.01196766
0.01100016
0.01296568
0.01296234
0.01193833
0.01196218
0.01196790
0.01196837
0.01196766
0.01196790
0.01296735
0.01296496
0.01296592
0.01196790
0.01399374
0.01296473
0.01197147
0.01097083
0.01097083
0.01396251
0.01297069
0.01097059
0.01196861
0.01197076
0.01096892
0.01196837
0.01196814
0.01097202
0.01196218
0.01196289
0.01097083
0.01097059
0.01392817
0.01196814
0.01193690
0.01196980
0.01097012
0.01096964
0.01496363
0.01293540
0.01293921
0.01196694
0.01399589
0.01296711
0.01096940
0.01395750
0.01396370
0.01396489
0.01396370
0.01396489
0.01595974
0.01396012
0.01196837
0.01396251
0.01492929
0.01695490
0.01692486
0.01499081
0.01396203
0.01296520
0.01297140
0.01496029
0.01546884
0.01495433
0.01595950
0.01496100
0.01296496
0.01396441
0.01396370
0.01694989
0.01396346
0.01794958
0.01496005
0.01396155
0.01794887
0.01594400
0.01395702
0.01396394
0.01595879
0.01296401
0.01495886
0.01396298
0.01196814
0.01395440
0.01592493
0.01497030
0.01396298
0.01296210
0.01396322
0.01196861
0.01299787
0.01395059
0.01496172
0.01496124
0.01396394
0.01598763
0.01392722
0.01296473
0.01496363
0.01396370
0.01392937
0.01296115
0.01496029
0.01496029
0.01396227
0.01495671
0.01695871
0.01595974
0.01495981
0.01396108
0.01595736
0.01595902
0.01395822
0.01396108
0.01347232
0.01396203
0.01891351
0.01649761
0.01496077
0.01794982
0.01898599
0.01595473
0.01399446
0.01499581
0.01495957
0.01296568
0.01595736
0.01795220
0.01795268
0.01595712
0.01487112
0.01496029
0.01396322
0.01885867
0.01496291
0.01795197
0.01994824
0.01795387
0.01595592
0.02393699
0.01495743
0.01592541
0.01396513
0.01493192
0.01692224
0.01595664
0.01695800
0.01595378
0.01498818
0.01695490
0.01795268
0.01496005
0.01495624
0.01595688
0.01495957
0.01994538
0.01595640
0.01695395
0.01595759
0.01493835
0.01595902
0.01795101
0.01698804
0.01493025
0.01495981
0.01595783
0.01752567
0.01495409
0.01496005
0.01596069
0.01595354
0.01395774
0.01396275
0.01396227
0.01396227
0.01399469
0.01296544
0.01396275
0.01396203
0.01396227
0.01396251
0.01396251
0.01296329
0.01396251
0.01399326
0.01452398
0.01396298
0.01396275
0.01399875
0.01396275
0.01496029
0.01396298
0.01496053
0.01495910
0.01595712
0.01496148
0.01596022
0.01695347
0.01549864
0.01396275
0.01396227
0.01396298
0.01296473
0.01296544
0.01399469
0.01396298
0.01496005
0.01396275
0.01396203
0.02293873
0.02293944
0.02293777
0.02393556
0.02293801
0.02493358
0.01595831
0.01097012
0.01296711
0.01097131
0.01097059
0.01097131
0.01097059
0.01197100
0.01196837
0.01196861
0.01296735
0.01197028
0.00997472
0.01097131
0.00997353
0.01097131
0.01196814
0.01196837
0.01196647
0.01396322
0.01196766
0.01097107
0.01203060
0.01097059
0.00997376
0.01095939
0.01196909
0.01296735
0.01193643
0.01196837
0.01097131
0.01097083
0.01097035
0.01097131
0.01096487
0.01052713
0.00997353
0.01099992
0.01097131
0.00997353
0.00997329
0.01097107
0.00997376
0.00997353
0.01000381
0.00997281
0.00997400
0.01097083
0.01099753
0.00997329
0.01097131
0.01097083
0.01097107
0.01097083
0.00997519
0.01096964
0.01196766
0.01097059
0.01196742
0.01399040
0.01876354
0.01894832
0.01592684
0.01595712
0.01595879
0.01496077
0.01396298
0.01293707
0.01296759
0.01296592
0.01396394
0.01296592
0.01396346
0.01296520
0.01296520
0.01396275
0.01496053
0.01419210
0.01296020
0.01296496
0.01396155
0.01396179
0.01495409
0.01396275
0.01495981
0.01495981
0.01496196
0.01396346
0.02157283
0.01794887
0.01599050
0.01495814
0.01396155
0.01496077
0.01396251
0.01495934
0.01595807
0.01452303
0.01399159
0.01495981
0.01496410
0.01496100
0.01396155
0.01399589
0.01495981
0.01496172
0.01595807
0.01296568
0.01398969
0.01299477
0.01404476
0.01367307
0.01296568
0.01340389
0.01495957
0.01496053
0.01411629
0.01496410
0.01495981
0.01495981
0.01495910
0.01296520
0.01396132
0.01496053
0.01396298
0.01495957
0.01399755
0.01496077
0.01296210
0.01598978
0.01891708
0.02393651
0.02290940
0.02293801
0.02293825
0.02294040
0.02293754
0.01097035
0.01097035
0.01097059
0.00997400
0.01196861
0.01399374
0.01196814
0.01196766
0.01097107
0.01097083
0.01097012
0.01196814
0.01196837
0.01393294
0.01197052
0.01196861
0.01196599
0.01097131
0.01096988
0.01299691
0.01296425
0.01196718
0.01357007
0.01194143
0.01197267
0.01096964
0.01296520
0.01100111
0.01097131
0.01097059
0.01097226
0.01196790
0.01097298
0.01097417
0.01196718
0.01097107
0.01198149
0.01296473
0.01296854
0.01097226
0.01196885
0.01097322
0.01097178
0.00997257
0.01196671
0.01196909
0.01196647
0.01296568
0.01196861
0.01097083
0.01197004
0.01196551
0.01151276
0.01097012
0.01096988
0.01196980
0.01097107
0.01097107
0.01197124
0.01296639
0.01396203
0.01496315
0.01595831
0.01395917
0.01296544
0.01499343
0.01499271
0.01495886
0.01495671
0.01695371
0.01399422
0.01496029
0.01492834
0.01299047
0.01293421
0.01595736
0.01492834
0.01795292
0.01397038
0.01296544
0.01399803
0.01396179
0.01296449
0.01396275
0.01493144
0.01494336
0.01595855
0.01396251
0.01396251
0.01496029
0.01396298
0.01396322
0.01595640
0.01596570
0.01396275
0.01597834
0.01495862
0.01396394
0.01495934
0.01495957
0.01389027
0.01495600
0.01396441
0.01296854
0.01496005
0.01399159
0.01695371
0.01595616
0.01496005
0.01695490
0.01795387
0.01617098
0.01495814
