0.01196623
0.01698685
0.01296473
0.01396298
0.01495981
0.01296568
0.01495934
0.01495743
0.01695609
0.01396251
0.01598811
0.01458263
0.01496005
0.01550031
0.01695275
0.01695704
0.01649332
0.01595640
0.01595831
0.01795244
0.01497078
0.01595783
0.01492620
0.01598811
0.01695609
0.01499128
0.01496196
0.01592779
0.01595807
0.01407290
0.01595736
0.01538110
0.01570249
0.01672530
0.01496124
0.01495385
0.01695561
0.01599073
0.01595592
0.01595759
0.01791573
0.01595831
0.01496196
0.01695418
0.01695418
0.01695538
0.01496005
0.01795030
0.01795292
0.01695466
0.01695633
0.01495934
0.01598692
0.01396275
0.01498270
0.01695681
0.01792192
0.01596117
0.01595640
0.01495719
0.01694942
0.01595950
0.01695395
0.01396084
0.01795077
0.01595640
0.01595926
0.01495743
0.01695395
0.01695585
0.01895237
0.01696134
0.01395988
0.01495981
0.01499176
0.01396585
0.01498866
0.01695347
0.01546597
0.01495886
0.01595736
0.01794958
0.01695490
0.01793814
0.02018309
0.01695752
0.01595974
0.01695514
0.01495934
0.01695848
0.01595926
0.01458621
0.01595950
0.01695490
0.01598859
0.01695681
0.01595831
0.01498842
0.01595783
0.01795197
0.01496029
0.01588273
0.01595926
0.01699328
0.01746488
0.01494002
0.01595759
0.01646471
0.01794934
0.01695538
0.01694727
0.01596069
0.01595831
0.01696086
0.01656628
0.01695561
0.01599407
0.01546812
0.01696372
0.01794767
0.01793504
0.01496172
0.01795363
0.01495123
0.01595831
0.01695609
0.01695585
0.01694393
0.01891613
0.01695490
0.01496053
0.01592040
0.01695275
0.01592636
0.01795816
0.01396275
0.01795816
0.01791859
0.01795077
0.01794839
0.01894236
0.02091169
0.01695395
0.01695681
0.01799011
0.02293682
0.01994896
0.01995039
0.01894999
0.01895213
0.01694608
0.01599002
0.01575971
0.01894951
0.01595759
0.01595783
0.01695728
0.01595783
0.01595855
0.01595950
0.01496911
0.01595664
0.01595712
0.01695895
0.01695633
0.01484442
0.01695466
0.01595759
0.01795554
0.01496029
0.01496172
0.01695132
0.01496744
0.01595736
0.01994228
0.01894760
0.01795340
0.01695681
0.01495981
0.01795745
0.01496029
0.01595879
0.01596117
0.01595712
0.01396298
0.01595759
0.01595545
0.01496053
0.01393056
0.01396179
0.01396275
0.01495910
0.01695442
0.01496124
0.01595855
0.01399374
0.01495838
0.01393342
0.01396418
0.01296496
0.01496005
0.01501250
0.01393104
0.01393342
0.01393652
0.01495981
0.01396251
0.01496005
0.01495123
0.01595902
0.01496673
0.01495981
0.01595592
0.01399398
0.01396203
0.01495910
0.01396203
0.01296759
0.01296449
0.01595473
0.01396298
0.01496077
0.01496005
0.01299596
0.01396489
0.01396322
0.01596045
0.01296210
0.01296377
0.01296568
0.01495647
0.01393294
0.01496172
0.01449823
0.01393390
0.01396322
0.01425314
0.01396108
0.01396108
0.01496124
0.01493144
0.01296425
0.01296544
0.01396346
0.01296067
0.01399446
0.01293278
0.01299548
0.01196575
0.01196480
0.01396084
0.01496029
0.01496220
0.01396227
0.01395869
0.01495934
0.01695561
0.01595592
0.01396322
0.01598930
0.01396418
0.01695800
0.01498604
0.01694345
0.01396608
0.01596022
0.01496148
0.01496911
0.01595879
0.01396227
0.01495552
0.01595712
0.01596284
0.01596665
0.01396298
0.01396084
0.01492858
0.01495910
0.01393175
0.01396298
0.01496172
0.01399899
0.01595569
0.01395655
0.01495934
0.01787281
0.01596355
0.01396370
0.01296425
0.01296473
0.01396513
0.01552391
0.01292586
0.01492810
0.01396346
0.01396298
0.01396227
0.01398253
0.01396441
0.01396370
0.01396012
0.01295877
0.01396346
0.01695824
0.01495934
0.01495790
0.01396155
0.01496029
0.01395965
0.01396298
0.01295853
0.01795268
0.01698542
0.01595640
0.01396227
0.01595855
0.01396632
0.01396513
0.01396084
0.01496077
0.01596284
0.01595855
0.01296592
0.01396203
0.01496434
0.01596594
0.01296806
0.01396251
0.01495862
0.01695776
0.01595688
0.01396179
0.01595449
0.01499033
0.01599240
0.01496005
0.01296329
0.01396418
0.01396251
0.01595807
0.01399016
0.01496029
0.01396155
0.01284552
0.01396179
0.01396155
0.01347280
0.01396275
0.01296639
0.01588297
0.01595473
0.01495981
0.01496291
0.01396179
0.01495886
0.01495576
0.01695514
0.01396132
0.01594710
0.01400042
0.01499271
0.01496029
0.01495981
0.01395440
0.01495957
0.01396418
0.01396227
0.01595902
0.01695657
0.01496005
0.01299620
0.01496077
0.01496053
0.01496458
0.01395869
0.01496148
0.01396179
0.01495385
0.01496029
0.01396441
0.01396203
0.01496100
0.01305032
0.01495981
0.01399064
0.01496172
0.01396155
0.01695251
0.01496005
0.01396132
0.01396227
0.01296425
0.01296496
0.01396203
0.01296401
0.01449227
0.01596093
0.01396298
0.01396084
0.01498985
0.01495910
0.01496124
0.01296473
0.01396847
0.01396275
0.01396179
0.01393175
0.01596189
0.01296711
0.01396394
0.01496029
0.01595926
0.01595736
0.01296473
0.01496434
0.01495886
0.01296282
0.01396084
0.01396346
0.01396394
0.01495886
0.01396132
0.01396036
0.01496124
0.01495767
0.01595592
0.01495886
0.01496029
0.01296306
0.01396275
0.01595950
0.01496243
0.01398945
0.01396513
0.01396275
0.01296353
0.01595378
0.01496053
0.01296806
0.01496029
0.01396251
0.01498842
0.01496196
0.01296830
0.01396155
0.01396370
0.01396775
0.01396418
0.01296592
0.01280141
0.01296449
0.01495790
0.01296544
0.01296258
0.01396251
0.01296616
0.01296759
0.01395750
0.01596165
0.01396322
0.01296449
0.01296353
0.01293373
0.01596045
0.01396656
0.01296115
0.01399159
0.01396227
0.01296616
0.01396203
0.01396084
0.01296449
0.01296568
0.01496100
0.01396155
0.01396346
0.01299739
0.01495957
0.01396275
0.01397157
0.01396060
0.01399350
0.01392627
0.01396346
0.01595688
0.01860332
0.01894951
0.01495695
0.01396203
0.01496744
0.01595736
0.01396036
0.01495886
0.01495957
0.01495934
0.01496077
0.01795268
0.01695538
0.01495886
0.01595592
0.01396227
0.01695609
0.01596069
0.01595664
0.01496148
0.01396203
0.01496077
0.01496315
0.01496077
0.01396060
0.01792359
0.01595974
0.01496077
0.01496220
0.01496053
0.01496077
0.01396275
0.01498604
0.01399398
0.01595974
0.01396108
0.01496148
0.01595879
0.01495934
0.01396275
0.01396322
0.01396489
0.01396298
0.01396108
0.01396298
0.01498628
0.01495957
0.01695609
0.02178168
0.01695490
0.01695371
0.01696038
0.01695180
0.01595688
0.01595569
0.01695156
0.01492047
0.01399040
0.01595759
0.01698637
0.01695323
0.01495576
0.01396084
0.01495957
0.01399660
0.01665425
0.01495957
0.01496029
0.01496029
0.01595712
0.01496029
0.01595688
0.01595712
0.02193856
0.01795363
0.01751590
0.01695347
0.01695371
0.01894832
0.01795197
0.01695514
0.01595449
0.01695204
0.01894975
0.01595736
0.01695561
0.01595640
0.01695204
0.01795387
0.01595712
0.01695490
0.01695585
0.01595640
0.01595879
0.01695395
0.01994991
0.02795053
0.01891446
0.01798463
0.01795149
