0.01296902
0.01396012
0.01495838
0.01994634
0.02792525
0.02400565
0.02593088
0.02567267
0.01196980
0.01196694
0.01196480
0.01196790
0.01396537
0.01396847
0.01196980
0.01152515
0.01396322
0.01296854
0.01196837
0.01196814
0.01395965
0.01296830
0.01196909
0.01097059
0.01256752
0.01296616
0.01296663
0.01166534
0.01197124
0.01200175
0.01296616
0.01094413
0.01097250
0.01499248
0.01196909
0.01196647
0.01196623
0.01196861
0.01296639
0.01196790
0.01196837
0.01192784
0.01296735
0.01196647
0.01196837
0.01199985
0.01396132
0.01196694
0.01196766
0.01196790
0.01296592
0.01199841
0.01097035
0.01299477
0.01196861
0.01100278
0.01196694
0.01196766
0.01196837
0.01196814
0.01296782
0.01097178
0.01193595
0.01296544
0.01196933
0.01097155
0.01196671
0.01296353
0.01499724
0.01300311
0.01396441
0.01399255
0.01296496
0.01296639
0.01296449
0.01396227
0.01393104
0.01396275
0.01196814
0.01296520
0.01296544
0.01496124
0.01393318
0.01396179
0.01396298
0.01396370
0.01396179
0.01399350
0.01595688
0.01447344
0.01296616
0.01292968
0.01296568
0.01495957
0.01495957
0.01395917
0.01399207
0.01496243
0.01296949
0.01296234
0.01399231
0.01596093
0.01496005
0.01293254
0.01399422
0.01495981
0.01396227
0.01595855
0.01296449
0.01396465
0.01296401
0.01296473
0.01396394
0.01496148
0.01296759
0.01495934
0.01296473
0.01496339
0.01296568
0.01496124
0.01293278
0.01496077
0.01396513
0.01196766
0.01296329
0.01462269
0.01396203
0.01395297
0.01396298
0.01495433
0.01595855
0.01396084
0.01396179
0.01396322
0.01396275
0.01496053
0.01496005
0.01396322
0.01499367
0.01496005
0.01296520
0.01296496
0.01496339
0.01595759
0.01499295
0.01396322
0.01498842
0.01596403
0.01495862
0.01496077
0.01496029
0.01496196
0.01396298
0.01599073
0.01595831
0.01496053
0.01592278
0.01496053
0.01396179
0.01496196
0.01496172
0.01396322
0.01495743
0.01391983
0.01695561
0.01398492
0.01396227
0.01396322
0.01495934
0.01296020
0.01496005
0.01396084
0.01393294
0.01296568
0.01297975
0.01396275
0.01396275
0.01296496
0.01396251
0.01496792
0.01893258
0.01595712
0.01595998
0.01496029
0.01493025
0.01496029
0.01496029
0.01396322
0.01396203
0.01396108
0.01396203
0.01595855
0.01496005
0.01395535
0.01599002
0.01495934
0.01296520
0.01396179
0.01396418
0.01296496
0.01496196
0.01598835
0.01495957
0.01547027
0.01495981
0.01296496
0.01396179
0.01296473
0.01296473
0.01395702
0.01399040
0.01496696
0.01495981
0.01296544
0.01496053
0.01496053
0.01495934
0.01495934
0.01396203
0.01496410
0.01498938
0.01496029
0.01296115
0.01694942
0.01895118
0.01595616
0.01496100
0.01697016
0.01393461
0.01499557
0.01592898
0.01795173
0.01595426
0.01595688
0.01695657
0.01692915
0.01364994
0.01296306
0.01495957
0.01396155
0.01296639
0.01196551
0.01299620
0.01296496
0.01296544
0.01296425
0.01396275
0.01396275
0.01296711
0.01296926
0.01296616
0.01399946
0.01548505
0.01894879
0.01496005
0.01396227
0.01196837
0.01296568
0.01296353
0.01499677
0.01296639
0.01296449
0.01396298
0.01396441
0.01296473
0.01392984
0.01296520
0.01296639
0.01595473
0.01296401
0.01395965
0.01499009
0.01396275
0.01196742
0.01296329
0.01422334
0.01499057
0.01196790
0.01396441
0.01396275
0.01296377
0.01393485
0.01396370
0.01296544
0.01399112
0.01392961
0.01296544
0.01298952
0.01296496
0.01296377
0.01396370
0.01595402
0.01296544
0.01296544
0.01499176
0.01495481
0.01596379
0.01595926
0.01396060
0.01395941
0.01296473
0.01496077
0.01296520
0.01495743
0.01496243
0.01496100
0.01495981
0.01396012
0.01396227
0.01496053
0.01496077
0.01330471
0.01396298
0.01496124
0.01484418
0.01296306
0.01496005
0.01396918
0.01595664
0.01396251
0.01296401
0.01296544
0.01595879
0.01396346
0.01399064
0.01492453
0.01296377
0.01296926
0.01595855
0.01495814
0.01396227
0.01452661
0.01296353
0.01496053
0.01396275
0.01396513
0.01293969
0.01296473
0.01399446
0.01495934
0.01495957
0.01595044
0.01595592
0.01496458
0.01496029
0.01296520
0.01395965
0.01496196
0.01396155
0.01300097
0.01396537
0.01396179
0.01598954
0.01396370
0.01495981
0.01495576
0.01299763
