0.01197219
0.01795197
0.01894903
0.01895118
0.01795554
0.01695132
0.01894236
0.01799989
0.01795220
0.01895237
0.01595569
0.01795316
0.01795340
0.01795030
0.01897907
0.01795197
0.01795340
0.01845670
0.01794934
0.01794314
0.01894736
0.01895213
0.01496148
0.01691985
0.01795363
0.01994848
0.01894951
0.01790905
0.01695919
0.01792240
0.01709628
0.01695395
0.01894951
0.01961899
0.01695251
0.01795173
0.01794529
0.01994419
0.01795173
0.01897812
0.01695490
0.01595640
0.02094269
0.01896405
0.01795316
0.01795244
0.01795530
0.01798224
0.02094483
0.01894951
0.01994777
0.02496862
0.02297187
0.02194071
0.01996708
0.02290797
0.02293563
0.02394438
0.02290630
0.01894903
0.01997805
0.02493238
0.01898122
0.02094650
0.01994681
0.01695538
0.01794958
0.01994419
0.01994705
0.01795173
0.01895142
0.01994562
0.02094245
0.01998162
0.01795816
0.01795077
0.01894927
0.01795077
0.01695251
0.01894879
0.01747036
0.01795125
0.01894832
0.01795173
0.01894975
0.02094316
0.01994753
0.01795435
0.01698613
0.01891923
0.01895046
0.01894808
0.01795244
0.02194190
0.01897979
0.01695275
0.01795197
0.01994753
0.01994658
0.01695418
0.01795149
0.02094412
0.01994824
0.01695514
0.01795149
0.02094460
0.01795173
0.01695585
0.01993585
0.01795125
0.01795411
0.02293849
0.01894641
0.01846957
0.01894951
0.01898098
0.01894975
0.01895094
0.02094769
0.01795387
0.01795292
0.01795363
0.02094603
0.02094555
0.01894808
0.01789761
0.01996040
0.01894999
0.01894927
0.01780486
0.01894879
0.01898003
0.01995397
0.01795220
0.01695323
0.01795530
0.01695752
0.02097821
0.01795411
0.01695418
0.01898217
0.02094293
0.01794910
0.01791883
0.01994729
0.01891088
0.01995039
0.01695371
0.01795101
0.01894665
0.01795483
0.01795459
0.01894641
0.01792407
0.01991701
0.01895022
0.01894903
0.01991510
0.01994991
0.02094984
0.01895165
0.01894498
0.01894927
0.01997900
0.01595545
0.01894832
0.01994658
0.01894832
0.01894331
0.01994753
0.01994729
0.01848745
0.01795006
0.01795053
0.01898313
0.01894832
0.01898170
0.01901412
0.02094507
0.01994753
0.01894951
0.01894903
0.01798487
0.01895070
0.01894879
0.01595736
0.01894569
0.01798558
0.01698542
0.01994610
0.02258778
0.01891494
0.01995277
0.01695466
0.01595736
0.01894283
0.01795101
0.01894927
0.01795077
0.01898146
0.01846337
0.01795125
0.01595569
0.01894903
0.01795149
0.01795483
0.01895118
0.01695442
0.01794505
0.02094269
0.01795053
0.01695561
0.01795053
0.01795340
0.01798224
0.01695180
0.01695180
0.01795292
0.01795006
0.01891828
0.01794982
0.01795006
0.01994848
0.01795292
0.01795483
0.01894951
0.02094460
0.01595736
0.01595569
0.01698446
0.01695490
0.01998734
0.02094197
0.01695395
0.01795340
0.01795197
0.01598501
0.01898217
0.01895094
0.01692438
0.01795578
0.01795125
0.01802659
0.01894999
0.01792097
0.01658940
0.01894832
0.01598930
0.01695514
0.01795244
0.01695514
0.01994514
0.01698542
0.01792121
0.01695490
0.01795197
0.01595783
0.01795077
0.01898313
0.01695538
0.02094460
0.01792312
0.01695013
0.01794958
0.01698518
0.01795101
0.01695490
0.01795173
0.01894832
0.01795340
0.01795197
0.01795101
0.01795030
0.01994658
0.01798296
0.01695466
0.01798344
0.01795626
0.01794887
0.01694918
0.01795197
0.01695490
0.02094245
0.01795125
0.01795244
0.01794839
0.01895452
0.01795173
0.01795220
0.01894784
0.01798034
0.01894927
0.01795244
0.01794672
0.01895022
0.01994586
0.01795387
0.01695514
0.01894951
0.01904249
0.01795220
0.01894951
0.01894832
0.01895165
0.01894927
0.01795053
0.01595759
0.01795197
0.01762199
0.01798415
0.01795149
0.01695967
0.01994729
0.01895142
0.01795220
0.02094316
0.01895070
0.01895285
0.01695371
0.01795268
0.01792049
0.01646733
0.01893544
0.01894712
0.01895380
0.01895022
0.01795125
0.01795268
0.01695228
0.01795220
0.01692724
0.01894832
0.01895022
0.01795793
0.01595950
0.01695108
0.01692367
0.01895833
0.01995039
0.01795030
0.01795244
0.01994801
0.01894975
0.01695418
0.01894975
0.01998091
0.01895237
0.01792264
0.01895118
0.01994491
0.01895142
0.01795387
0.01994491
0.01994348
0.01894903
0.01795220
0.01994514
0.01994896
0.02293944
0.01994729
0.01898026
0.01997542
0.01895142
0.01797986
0.01695538
0.01894927
0.01798153
0.01695466
0.01698446
0.01752210
0.01695442
0.01695466
0.01695418
0.01695681
0.01795030
0.02800941
0.02493048
0.01795602
0.01898003
0.01772070
0.01991534
0.01751542
0.01670122
0.01895118
0.02489829
0.02344918
0.02194071
0.02194118
0.02148628
0.02293754
0.01994562
0.02194285
0.02390504
0.02194023
0.02194452
0.02194190
0.01894879
0.01895165
0.01795316
0.01894927
0.02094412
0.01994824
0.01795149
0.01795101
0.01894617
0.01895046
0.01595736
0.01798224
0.01898098
0.01695251
0.01895165
0.01792479
0.01798153
0.01795077
0.01695466
0.01994705
0.01695418
0.01795363
0.01894855
0.01895165
0.01894975
0.01795220
0.01794982
0.01695466
0.01695609
0.01698279
0.01795030
0.01798773
0.01595950
0.01695347
0.02094626
0.01700068
0.02094603
0.01794314
0.01994491
0.01894951
0.01795435
0.01695371
0.01897979
0.01895189
0.01795340
0.01747155
0.01695371
0.01795363
0.01846838
0.01994801
0.01748681
0.01991606
0.02094507
0.02094436
0.01795006
0.01795125
0.01994658
0.01894808
0.01794744
0.01894712
0.01994824
0.01695395
0.01595664
0.01695466
0.01794887
0.01994586
0.01796699
0.01798439
0.01795053
0.01897883
0.01894999
0.01695418
0.01794076
0.01795363
0.01795220
0.01894999
0.01695466
0.01994824
0.01895094
0.01897979
0.01694775
0.01795173
0.01892209
0.01695418
0.01695418
0.01895094
0.01595688
0.01795077
0.01894879
0.01795197
0.01598525
0.01891685
0.01893902
0.01695442
0.01698971
0.01895022
0.01695490
0.01895761
0.02094412
0.01894903
0.01753569
0.01695395
0.01894903
0.01924062
0.01795340
0.01695728
0.01795101
0.01695561
0.01695180
0.01792288
0.01897907
0.01898336
0.01595163
0.01792026
0.01994681
0.01795149
0.01795030
0.01795387
0.02097678
0.01695538
0.01595592
0.01795363
0.01795173
0.01695490
0.02393198
0.01891756
0.01598573
0.01795387
0.01895261
0.01892400
0.01695371
0.01795316
0.01894474
0.01695156
0.01595640
0.01695466
0.01695561
0.01595664
0.01595807
0.01598907
0.01595736
0.01595736
0.01595712
0.01695561
0.02593160
0.01792264
0.01894975
0.01795506
0.01695275
0.01695681
0.01692295
0.01595807
0.01595902
0.01598620
0.01695442
0.01595759
0.01595807
0.02097535
0.02407098
0.01695180
0.01798868
0.01994729
0.01995063
0.01798248
0.01695514
0.01894522
0.01795292
0.01625967
0.01695442
0.01795435
0.01795387
0.01795340
0.01795149
0.01695418
0.01994872
0.01695871
0.01794791
0.01793885
0.01795244
0.01895022
0.01795220
0.01993489
0.01795602
0.01994991
0.01795483
0.01894975
0.01695752
0.01894951
0.01895118
0.01695514
0.01795030
0.01792026
0.02197266
0.01692057
0.01891732
0.01895165
0.01895142
0.01795244
0.01695371
0.01795125
0.01996017
0.01994848
0.01695347
0.01898623
0.01891732
0.01795435
0.01795149
0.01694894
0.01795292
0.01747799
0.01894903
0.01794672
0.02094364
0.01795173
0.01695514
0.01795125
0.01794815
0.01997519
0.01792336
0.01649427
0.01994443
0.01795292
0.01695442
0.01695633
0.01795220
0.01592493
0.01795268
0.01894999
0.01795197
0.01795316
0.01695538
0.01695371
0.01599288
0.01795602
0.01496077
0.01595807
0.01894736
0.01795101
0.01795173
0.01698256
0.01595712
0.01695585
0.01791430
0.01698565
0.01794934
0.02097344
0.01698661
0.01795483
0.01894975
0.01744151
0.01792145
0.01794863
0.01695704
0.01695514
0.01695418
0.01695299
0.01795173
0.01695871
0.01695633
0.01792336
0.01892114
0.02094483
0.01795363
0.01795101
0.01595235
0.01871729
0.01995111
0.01795077
0.01546788
0.01993537
0.01795101
0.01791739
0.01595855
0.01798272
0.01694989
0.01695442
0.01595879
0.01896214
0.01994324
0.01693439
0.01795268
0.01795053
0.01595759
0.01895142
0.01695585
0.01695633
0.01595879
0.02294374
0.01695609
0.01595855
0.01795125
0.01994777
0.01695633
0.01792336
0.01794958
0.01794744
0.01795220
0.01795030
0.01795244
0.01895118
0.01795244
0.01596045
