0.00997353
0.01191449
0.00997376
0.00897670
0.00897574
0.00997329
0.01097345
0.00997186
0.00997353
0.00997114
0.00997400
0.00897765
0.00997186
0.00897861
0.01000595
0.00895095
0.00994897
0.00997281
0.00897551
0.00897908
0.00897598
0.01097250
0.00897479
0.00897622
0.01094055
0.00997376
0.00994253
0.01248336
0.00997162
0.00897670
0.00897598
0.01097608
0.00897598
0.00997233
0.01094103
0.00897741
0.01097512
0.00897622
0.00897622
0.00997257
0.00997376
0.00897670
0.00997353
0.00900865
0.01097608
0.00997424
0.00997782
0.00997615
0.00997734
0.01097059
0.01096940
0.01206565
0.01396418
0.01197100
0.01097059
0.01196647
0.01345253
0.01396275
0.01296568
0.01148987
0.01396203
0.01396132
0.01296520
0.01396298
0.01396132
0.01296568
0.01199746
0.01199532
0.01296234
0.01296258
0.01396346
0.01396251
0.01296473
0.01396966
0.01396585
0.01396298
0.01496243
0.01396513
0.01396537
0.01396251
0.01595807
0.01296592
0.01196861
0.01396322
0.01396465
0.01399541
0.01396203
0.01299596
0.01496029
0.01396370
0.01393056
0.01496267
0.01399279
0.01398778
0.01396108
0.01296401
0.01498961
0.01496172
0.01499081
0.01695371
0.01695657
0.01795292
0.01392913
0.01592875
0.01599360
0.01496005
0.01396132
0.01795650
0.01798892
0.01396322
0.01396108
0.01496243
0.01396608
0.01496053
0.01296544
0.01396155
0.01595783
0.01396418
0.01296592
0.01395750
0.01396394
0.01396441
0.01396155
0.01595569
0.01598430
0.01695633
0.01496220
0.01296473
0.01495981
0.01399994
0.01496220
0.01495934
0.01296353
0.01450372
0.01380181
0.01595592
0.01795101
0.01592731
0.01753783
0.01598954
0.01592612
0.01495862
0.01695633
0.01695681
0.01496100
0.01495934
0.01296568
0.01296568
0.01396132
0.01296449
0.01399350
0.01296520
0.01396275
0.01296616
0.01396585
0.02068591
0.01595569
0.01396179
0.01396251
0.01395845
0.01495934
0.01496053
0.01595879
0.01595712
0.01695561
0.01695609
0.01595831
0.01399326
0.01496506
0.01395941
0.01496053
0.01396155
0.01396203
0.01496196
0.01682210
0.01396298
0.01495981
0.01794815
0.01396132
0.01495934
0.01495957
0.01496100
0.01695418
0.01496005
0.01595688
0.01396251
0.01496243
0.01495981
0.01493168
0.01495624
0.01537037
0.01596117
0.01595664
0.01595736
0.01495981
0.01895523
0.01396155
0.01492906
0.01495862
0.01396227
0.01496029
0.01499248
0.01495981
0.01396370
0.01498961
0.02194357
0.01698256
0.01695514
0.01496005
0.01595521
0.01595545
0.01595926
0.01695490
0.01397228
0.01595736
0.01662660
0.01695633
0.01399565
0.01595569
0.01595855
0.01695561
0.01595759
0.01499009
0.01496172
0.01496243
0.01396275
0.01496029
0.01296496
0.01396203
0.01396298
0.01496005
0.02054691
0.01743031
0.01496053
0.01496124
0.01396966
0.01396346
0.01495957
0.01595569
0.01396251
0.01296639
0.01396251
0.01376867
0.01399231
0.01496005
0.01595545
0.01595688
0.01496005
0.01556873
0.01395941
0.01496077
0.01598907
0.01399159
0.01496077
0.01595712
0.01630735
0.01695704
0.01598644
0.01347089
0.01695395
0.01396060
0.01496029
0.01496196
0.01396298
0.01595855
0.01698065
0.01595640
0.01695371
0.01795316
0.01895690
0.01695800
0.01495957
0.01495957
0.01496339
0.01695442
0.01692486
0.01396394
0.01695514
0.01795363
0.01595712
0.01495719
0.01655245
0.01595831
0.01492834
0.01495934
0.01495957
0.01695585
0.01495910
0.01699138
0.01695538
0.01595759
0.01695609
0.01592612
0.01495647
0.01695538
0.01396203
0.01396322
0.01492333
0.01496053
0.01695538
0.01595640
0.01795220
0.01596308
0.01695490
0.01595759
0.01495910
0.01496220
0.01730418
0.01595926
0.01592493
0.01396155
0.01499224
0.01595688
0.01646829
0.01495814
0.01695728
0.01695514
0.01695490
0.01595616
0.01698780
0.01695514
0.01595855
0.01496053
0.01595831
0.01598930
0.01595712
0.01595521
0.01496053
0.01599360
0.01795459
0.01595855
0.01496196
0.01695466
0.01495981
0.01698446
0.01595592
0.01798224
0.01695800
0.01595902
0.01595831
0.01495910
0.01598930
0.01493096
0.01695418
0.01595712
0.01496267
0.01592731
0.01496029
0.01496029
0.01891112
