0.00595427
0.01396132
0.01495934
0.01396370
0.01499963
0.01496172
0.01419663
0.01396322
0.01499081
0.01304126
0.01296473
0.01296306
0.01495910
0.01496053
0.01296639
0.01396298
0.01396489
0.01296449
0.01396108
0.01296520
0.01396632
0.01396394
0.01396298
0.01399398
0.01495910
0.01593781
0.01499104
0.01396441
0.01396060
0.01595736
0.01495838
0.01296306
0.01393461
0.01396394
0.01396275
0.01347446
0.01296091
0.01495695
0.01546621
0.01296639
0.01296496
0.01396441
0.01296473
0.01296520
0.01296234
0.01296473
0.01296401
0.01496148
0.01396465
0.01396370
0.01595831
0.01396370
0.01196742
0.01295877
0.01496649
0.01296520
0.01296639
0.01396275
0.01399565
0.01396179
0.01296473
0.01399374
0.01396322
0.01296496
0.01396322
0.01299477
0.01496029
0.01396585
0.01296306
0.01495957
0.01196885
0.01296449
0.01396894
0.01396322
0.01296425
0.01296377
0.01396251
0.01595879
0.01496005
0.01399446
0.01492620
0.01295972
0.01296329
0.01396179
0.01296544
0.01196861
0.01296377
0.01396322
0.01296520
0.01296854
0.01399517
0.01396155
0.01296473
0.01298952
0.01496172
0.01396513
0.01396465
0.01296544
0.01395655
0.01499438
0.01396513
0.01296735
0.01299810
0.01396537
0.01396441
0.01396322
0.01296568
0.01296473
0.01496434
0.01599145
0.01396322
0.01296425
0.01496315
0.01296425
0.01296568
0.01296449
0.01498890
0.01396489
0.01296473
0.01196718
0.01296782
0.01296592
0.01296401
0.01396251
0.01399326
0.01396751
0.01296496
0.01296473
0.01496267
0.01496267
0.01296449
0.01296425
0.01396394
0.01396966
0.01296639
0.01296496
0.01296449
0.01500511
0.01495767
0.01394629
0.01495719
0.01495957
0.01296520
0.01396179
0.01296353
0.01396418
0.01296663
0.01296592
0.01447320
0.01296329
0.01196671
0.01296449
0.01496100
0.01296520
0.01296329
0.01196694
0.01296520
0.01293254
0.01296592
0.01296473
0.01396298
0.01296592
0.01296496
0.01396251
0.01596189
0.01296449
0.01296544
0.01396251
0.01393390
0.01296568
0.01196790
0.01199985
0.01396203
0.01396537
0.01296473
0.01399493
0.01196837
0.01196790
0.01396084
0.01496077
0.01296782
0.01296520
0.01396036
0.01495838
0.01296520
0.01296568
0.01296544
0.01296496
0.01396990
0.01196766
0.01393771
0.01196980
0.01296473
0.01296234
0.01495981
0.01321673
0.01296473
0.01296616
0.01296782
0.01296592
0.01296568
0.01293325
0.01296568
0.01296401
0.01296425
0.01296473
0.01646972
0.01695681
0.01396370
0.01396513
0.01296639
0.01296711
0.01396322
0.01300120
0.01196766
0.01296544
0.01199889
0.01196623
0.01196694
0.01296592
0.01196623
0.01196766
0.01396632
0.01296735
0.01097083
0.01296782
0.01196837
0.01196837
0.01296425
0.01299787
0.01196790
0.01296234
0.01399398
0.01296520
0.01196337
0.01297116
0.01197028
0.01196623
0.01196861
0.01196933
0.01296496
0.01196599
0.01097012
0.01196694
0.01097107
0.01196909
0.01097178
0.01094055
0.01196933
0.01097274
0.01096892
0.01097131
0.01297069
0.01100373
0.01193833
0.00997329
0.00997519
0.01096797
0.01021123
0.01113749
0.01196742
0.00997448
0.00897479
0.00997853
0.00897765
0.00897455
0.00997877
0.00997257
0.00997376
0.00997353
0.00923634
0.00897551
0.01200080
0.00897479
0.00897503
0.00924253
0.00997615
0.00996614
0.00897717
0.00997305
0.00897098
0.00997329
0.00897598
0.00997305
0.00897574
0.00897622
0.00997448
0.00997448
0.00997019
0.00897598
0.00997710
0.00997615
0.00994086
