0.01791978
0.02294016
0.01495910
0.01499057
0.01695442
0.01795506
0.01496005
0.01695418
0.01595759
0.01695490
0.01595712
0.01495910
0.01723337
0.01698351
0.01396394
0.01595736
0.01695490
0.01595712
0.01695371
0.01595616
0.01496029
0.01396322
0.01795220
0.01495934
0.01496053
0.01596284
0.01595521
0.01495814
0.01595283
0.01496458
0.01496029
0.01395845
0.01396275
0.01497126
0.01296544
0.01396060
0.01396203
0.01496387
0.01795340
0.01396132
0.01293278
0.01496005
0.01496029
0.01396203
0.01396394
0.01396298
0.01393104
0.01698804
0.01396275
0.01396394
0.01296210
0.01495957
0.01396370
0.01396179
0.01399422
0.01595569
0.01396489
0.01396418
0.01592493
0.01695514
0.01596475
0.01795959
0.01495910
0.01698470
0.01595688
0.01795506
0.01698589
0.01698017
0.01690960
0.01595783
0.01695800
0.01495981
0.01795173
0.01695704
0.01806641
0.01695728
0.01595664
0.01596618
0.01695681
0.01595926
0.01496077
0.01595831
0.01894736
0.02094460
0.02190995
0.01795149
0.01795268
0.02194166
0.01795220
0.01694798
0.02094197
0.01695490
0.01692271
0.01698637
0.01492977
0.01498842
0.01499391
0.01493073
0.01496053
0.01695514
0.01496077
0.01595688
0.01595592
0.01498961
0.01496124
0.01496100
0.01720691
0.01499200
0.01595640
0.01496053
0.01496243
0.01493430
0.01598835
0.01596904
0.01296496
0.01396227
0.01495910
0.01595759
0.01398921
0.01595592
0.01795483
0.01595640
0.01495743
0.01396108
0.01795220
0.01595998
0.01396251
0.01396179
0.01396370
0.01496243
0.01496029
0.01495886
0.01396132
0.01496315
0.01396155
0.01296520
0.01595998
0.01499128
0.01296449
0.01396513
0.01296568
0.01495743
0.01396370
0.01296473
0.01399016
0.01597786
0.01595783
0.01396608
0.01595592
0.01496053
0.01599073
0.01495957
0.01396275
0.01496005
0.01396322
0.01495409
0.01499414
0.01396251
0.01399493
0.01698542
0.01396275
0.01595783
0.01495957
0.01495981
0.01596642
0.01595616
0.01495838
0.01396346
0.01695538
0.01599145
0.01496029
0.01495957
0.01795197
0.01692414
0.01496291
0.01296401
0.01296520
0.01396251
0.01396441
0.01597714
0.01296544
0.01497316
0.01296711
0.01496077
0.01296353
0.01296520
0.01396298
0.01396418
0.01293039
0.01399469
0.01296663
0.01296639
0.01323509
0.01595616
0.01396418
0.01393056
0.01495934
0.01396394
0.01595855
0.01399636
0.01396012
0.01595831
0.01496100
0.01595807
0.01495957
0.01595616
0.01595688
0.01695681
0.01499081
0.01695633
0.01595783
0.01695633
0.01595330
0.01695395
0.01698494
0.01695418
0.01496148
0.01697445
0.01695609
0.01795506
0.01595545
0.01595592
0.01592565
0.01695323
0.01795363
0.01731610
0.01595759
0.01695776
0.01596022
0.01595712
0.01795793
0.01718092
0.01695728
0.01795173
0.01695442
0.01850700
0.01695299
0.01795101
0.01695538
0.01895690
0.01646709
0.01592183
0.01795554
0.01695371
0.01595736
0.01595140
0.01612759
0.01695633
0.01595688
0.01607227
0.01849103
0.01595688
0.01496077
0.01474333
0.01847768
0.01496172
0.01595902
0.01595736
0.01644945
0.01595449
0.01595306
0.01695752
0.01529408
0.01696992
0.01695538
0.01795101
0.01396370
0.01695585
0.01495409
0.01595831
0.01695538
0.01595592
0.01396203
0.01494837
0.01396298
0.01496100
0.01695728
0.01496053
0.01396275
0.01495934
0.01396132
0.01698780
0.01595783
0.01595879
0.01396322
0.01499200
0.01499128
0.01595902
0.01399612
0.01396084
0.01296544
0.01396346
0.01296473
0.01396632
0.01299763
0.01496053
0.01496100
0.01296687
0.01496220
0.01396275
0.01296473
0.01396251
0.01496124
0.01396441
0.01396585
0.01397133
0.01296687
0.01296401
0.01396108
0.01495028
0.01396298
0.01396275
0.01293230
0.01396441
0.01396418
0.01296401
0.01496196
0.01396251
0.01296663
0.01299834
0.01395988
0.01496840
0.01299453
0.01496196
0.01447201
0.01596451
0.01396465
0.01296544
0.01396346
0.01496196
0.01595759
0.01296544
0.01396203
0.01496148
0.01396227
0.01296926
0.01396012
0.01396489
0.01499462
0.01396132
0.01396251
0.01399207
0.01496124
0.01396251
0.01396251
0.01396084
0.01496220
0.01296544
0.01296329
0.01396203
0.01396370
0.01395893
0.01499057
0.01495886
0.01396275
0.01396203
0.01396275
0.01296592
0.01392841
0.01496243
0.01396370
0.01296520
0.01396275
0.01396441
0.01595712
0.01396203
0.01496005
0.01396298
0.01396322
0.01495552
0.01695514
0.01646352
0.01595736
0.01499104
0.01595783
0.01395965
0.01596332
0.01496124
0.01580262
0.01595592
0.01495981
0.01595521
0.01496077
0.01596308
0.01496863
0.01596189
0.01396275
0.01495910
0.01474881
0.01795363
0.01695514
0.01455259
0.01495242
0.01797962
0.01695824
0.01496148
0.01396060
0.01595640
0.01399279
0.01396251
0.01595259
0.01595688
0.01695967
0.01595855
0.01695442
0.01496124
0.01496172
0.01695728
0.01496005
0.01495838
0.01396275
0.01794624
0.01396346
0.01495981
0.01396465
0.01496124
0.01396537
0.01396155
0.01299691
0.01496100
0.01396394
0.01395965
0.01396275
0.01396036
0.01595902
0.01595736
0.01595902
0.01396298
0.01296806
0.01595736
0.01994944
0.01460862
0.01695633
0.01396155
0.01596332
0.01296759
0.01296544
0.01399875
0.01396132
0.01296473
0.01396346
0.01496100
0.01499009
0.01399112
0.01392531
0.01595712
0.01396203
0.01296425
0.01396441
0.01296735
0.01396370
0.01396346
0.01492643
0.01595879
0.01399732
0.01396918
0.01396465
0.01496005
0.01396275
0.01396179
0.01395559
0.01396298
0.01395893
0.01595950
0.01495981
0.01296353
0.01296544
0.01496124
0.01296449
0.01396346
0.01396275
0.01397157
0.01592803
0.01496005
0.01396489
0.01694465
0.01396418
0.01496005
0.01495981
0.01396179
0.01396132
0.01496148
0.01296544
0.01296258
0.01302576
0.01496100
0.01595545
0.01396251
0.01396179
0.01495862
0.01396060
0.01396298
0.01595378
0.01496267
0.01495576
0.01396108
0.01396465
0.01396251
0.01598763
0.01496291
0.01396441
0.01393127
0.01296759
0.01496077
0.01299191
0.01496196
0.01396441
0.01396155
0.01299644
0.01296544
0.01296473
0.01794982
0.01394367
0.01496243
0.01496625
0.01499271
0.01296425
0.01396060
0.01495814
0.01396155
0.01396346
0.01495981
0.01498604
0.01296759
0.01396489
0.01595879
0.01396322
0.01396298
0.01397324
0.01495194
0.01396132
0.01496100
0.01496243
0.01396370
0.01596332
0.01695490
0.01595783
0.01695442
0.01595688
0.01595759
0.01596308
0.01595879
0.01595736
0.01795340
0.01495910
0.01496005
0.01695490
0.01791644
0.01496005
0.01498914
0.01595831
0.01698589
0.01698685
0.01493001
0.01595807
0.01695466
0.01798892
0.01794696
0.01496243
0.01496100
0.01496077
0.01595354
0.01794362
0.01698661
0.01595712
0.01399302
0.01695585
0.01595759
0.01496148
0.01396251
0.01396179
0.01497126
0.01695561
0.01396155
0.01373577
0.01499319
0.01496005
0.01396275
0.01296616
0.01396036
0.01396251
0.01296520
0.01296473
0.01495433
0.01596260
0.01396203
0.01296401
0.01496077
0.01396275
0.01396346
0.01296592
0.01495504
0.01492953
0.01396465
0.01296043
0.01396656
0.01396465
0.01396322
0.01298857
0.01396275
0.01498842
0.01496315
0.01496053
0.01396203
0.01495934
0.01396227
0.01495957
0.01495790
0.01496005
0.01496220
0.01496267
0.01496053
0.01495767
0.01596045
0.01595664
0.01595926
0.01546478
0.01795340
0.01495814
0.01496053
0.01495934
0.01498890
0.01396298
0.01496220
0.01499057
0.01496029
0.01496148
0.02094245
0.01495743
0.01592731
0.01495910
0.01496196
0.01562524
0.01496100
0.01495695
0.01698756
0.01595736
0.01798820
0.01496005
0.01496005
0.01495957
0.01595807
0.01396060
0.01499128
0.01595879
0.01599717
0.01495934
0.01396108
0.01498938
0.01396346
0.01296353
0.01496029
0.01396155
0.01496339
0.01396370
0.01396585
0.01296639
0.01496100
0.01499176
0.01496243
0.01396155
0.01595950
0.01396251
0.01594901
0.01596022
0.01393366
0.01396227
0.01496029
0.01595855
0.01496005
0.01495767
0.01496053
0.01399755
0.01396346
0.01396370
0.01595640
0.01396918
0.01396465
0.01396489
0.01396465
0.01296520
0.01296544
0.01698589
0.01695228
0.01695800
0.01396203
0.01293397
0.01496601
0.01496124
0.01396227
0.01395869
0.01596045
0.01495957
0.01396322
0.01296520
0.01696181
0.01396227
0.01396537
0.01447058
0.01396608
0.01595616
0.01496053
0.01595736
0.01396275
0.01396275
0.01395988
0.01494575
0.01595545
0.01495957
0.01496124
0.01495910
0.01395988
0.01495910
0.01396155
0.01396108
0.01495719
0.01499581
0.01695728
0.01396394
0.01495910
0.01395917
0.01595879
0.01396322
0.01496291
0.01396060
0.01495981
0.01496029
0.01396155
0.01495504
0.01396322
0.01496029
0.01396203
0.01396203
0.01496315
0.01396298
0.01396251
0.01396108
0.01499772
0.01396298
0.01396179
0.01395941
0.01598692
0.01499772
0.01495981
0.01395750
0.01695657
0.01396322
0.01395726
0.01495981
0.01495981
0.01650119
0.01496124
0.01496077
0.01393175
0.01495934
0.01396179
0.01396298
0.01495862
0.01396108
0.01595950
0.01296401
0.01499104
0.01495957
0.01396203
0.01593113
0.01495910
0.01691890
0.01396155
0.01599002
0.01795125
0.01692319
0.01495719
0.01496577
0.01595521
0.01492953
0.01496053
0.01396275
0.01595616
0.01299810
0.01396322
0.01392579
0.01596355
0.01496410
0.01396322
0.01495934
0.01695538
0.01393270
0.01496124
0.01296282
0.01492667
0.01496029
0.01396394
0.01465249
0.01395297
0.01595664
0.01396465
0.01396370
0.01396060
0.01399398
0.01296616
0.01296568
0.01396179
0.01496434
0.01595831
0.01396179
0.01396155
0.01397157
0.01296449
0.01396322
0.01296544
0.01595902
0.01496100
0.01396275
0.01596093
0.01396322
0.01396155
0.01296520
0.01495981
0.01496673
0.01296496
0.01296687
0.01599789
0.01496577
0.01496434
0.01396537
0.01396632
0.01396275
0.01370001
0.01399469
0.01296473
0.01396275
0.01296616
0.01595759
0.01396227
0.01496053
0.01595879
0.01496172
0.01396012
0.01595807
0.01496053
0.01495957
0.01595831
0.01396418
0.01495910
0.01894855
0.01698637
0.01496172
0.01795316
0.01695585
0.01695561
0.01695681
0.01595640
0.01396227
0.01396251
0.01496005
0.01595616
0.01396585
0.01396251
0.01396155
0.01399136
0.01396298
0.01396418
0.01492786
0.01591468
0.01496077
0.01496077
0.01546621
0.01399136
0.01595664
0.01595759
0.01496172
0.01396298
0.01595759
0.01595664
0.01595688
0.01396179
0.01695442
0.01598835
0.01595736
0.01495743
0.01399183
0.01596045
0.01595998
0.01595736
0.01695299
0.01496029
0.01496124
0.01499033
0.01495981
0.01595736
0.01598978
0.01595664
0.01493311
0.01795459
0.01592922
0.01496124
0.01495910
0.01795483
0.01595712
0.01496005
0.01595402
0.01595950
0.01695466
0.01595998
0.01495671
0.01595688
0.01795173
0.01592708
0.01496029
0.01596093
0.01599121
0.01396298
0.01496077
0.01296616
0.01396012
0.01296854
0.01396179
0.01393175
0.01496220
0.01396322
0.01296449
0.01396298
0.01595807
0.01795912
0.01496172
0.01447105
0.01495504
0.01599169
0.01646757
0.01396298
0.01294899
0.01399589
0.01396370
0.01296496
0.01496148
0.01496077
0.01495814
0.01495981
0.01394677
0.01595521
0.01496124
0.01396394
0.01396298
0.01495767
0.01396203
0.01496196
0.01496220
0.01396036
0.01495981
0.01695704
0.01399231
0.01396132
0.01595640
0.01595855
0.01595736
0.01399350
0.01595759
0.01698661
0.01695466
0.01695466
0.01495910
0.01498699
0.01496005
0.01496077
0.01446962
0.01495934
0.01695323
0.01496005
0.02094364
0.02393723
0.01649380
0.01495862
0.01595783
0.01396251
0.01595640
0.01994276
0.01692462
0.01595736
0.01695418
0.01496005
0.01607800
0.01495934
0.01496196
0.01396084
0.01296568
0.01495862
0.01595402
0.01396346
0.01598978
0.01396465
0.01495957
0.01396275
0.01396346
0.01399302
0.01496482
0.01495981
0.01296592
0.01396275
0.01396322
0.01396251
0.01296520
0.01396012
0.01499271
0.01296663
0.01396275
0.01394796
0.01396608
0.01396489
0.01396585
0.01396275
0.01396275
0.01495910
0.01496148
0.01396084
0.01296544
0.01471519
0.01695347
0.01595807
0.01396132
0.01496005
0.01393414
0.01296520
0.01496172
0.01447225
0.01396537
0.01396108
0.01651716
0.01495671
0.01396203
0.01396298
0.01496029
0.01396418
0.01495790
0.01354170
0.01495981
0.01496148
0.01396441
0.01396012
0.01495957
0.01396275
0.01396489
0.01296520
0.01496100
0.01495934
0.01296520
0.01595974
0.01596785
0.01595807
0.01396585
0.01350331
0.01296234
0.01399660
0.01396561
0.01296544
0.01395488
0.01496506
0.01496410
0.01296568
0.01396227
0.01396275
0.01495957
0.01396060
0.01396179
0.01396251
0.01296568
0.01495957
0.01396227
0.01396227
0.01396370
0.01296401
0.01496363
0.01595998
0.01395321
0.01499200
0.01396489
0.01396394
0.01494980
0.01496363
0.01496482
0.01396275
0.01396298
0.01496220
0.01396871
0.01296639
0.01495886
0.01498199
0.01396251
0.01396298
0.01296473
0.01595831
0.01396585
0.01396227
0.01595688
0.01396394
0.01396203
0.01396656
0.01396441
0.01396298
0.01475167
0.01399064
0.01595640
0.01697826
0.01595759
0.01595759
0.01493192
0.01495337
0.01595688
0.01396203
0.01695895
0.01393485
0.01547813
0.01695490
0.01895118
0.01895094
0.01396322
0.01496220
0.01196480
0.01196814
0.01393294
0.01396298
0.01396370
0.01196837
0.01293111
0.01394725
0.01496053
0.01296616
0.01296592
0.01296639
0.01296473
0.01296473
0.01492858
0.01596689
0.01296663
0.01296616
0.01200032
0.01396608
0.01196861
0.01299810
0.01495981
0.01396632
0.01496148
0.01296759
0.01296377
0.01496243
0.01296711
0.01296520
0.01296592
0.01296496
0.01296520
0.01296687
0.01293635
0.01396441
0.01396251
0.01197290
0.01398706
0.01596045
0.01278710
0.01396179
0.01296639
0.01495385
0.01396227
