0.01096535
0.01299357
0.01495886
0.01197219
0.01196980
0.01196837
0.01296639
0.01199889
0.01235342
0.01196742
0.01196456
0.01448894
0.01496100
0.01296401
0.01395702
0.01495957
0.01396513
0.01496029
0.01396394
0.01296163
0.01496053
0.01396441
0.01396012
0.01396108
0.01296473
0.01396203
0.01396489
0.01596093
0.01595879
0.01393342
0.01296425
0.01496410
0.01396298
0.01396275
0.01396084
0.01396346
0.01296616
0.01495814
0.01396108
0.01595950
0.01396346
0.01396227
0.01396346
0.01296568
0.01396298
0.01295972
0.01395941
0.01495957
0.01496339
0.01396251
0.01495886
0.01396179
0.01396203
0.01296401
0.01447177
0.01396060
0.01496553
0.01424360
0.01296568
0.01396251
0.01396441
0.01596117
0.01399183
0.01399302
0.01397991
0.01396251
0.01396203
0.01396322
0.01495981
0.01296425
0.01396227
0.01396370
0.01496196
0.01296377
0.01320171
0.01396418
0.01396441
0.01346445
0.01499176
0.01499534
0.01396489
0.01299429
0.01396346
0.01296663
0.01296496
0.01496315
0.01396084
0.01396799
0.01496792
0.01496053
0.01296639
0.01396108
0.01296568
0.01296425
0.01395130
0.01296329
0.01598716
0.01396227
0.01296616
0.01299429
0.01396346
0.01296449
0.01196623
0.01296639
0.01296592
0.01296592
0.01296544
0.01247430
0.01296520
0.01296663
0.01242924
0.01296568
0.01196933
0.01296520
0.01296568
0.01296616
0.01296639
0.01296544
0.01296568
0.01296520
0.01296353
0.01296544
0.01296568
0.01396728
0.01396942
0.01495123
0.01494837
0.01498961
0.01396370
0.01396561
0.01496243
0.01396155
0.01296425
0.01695228
0.01500487
0.01595879
0.01455069
0.01399302
0.01396370
0.01447129
0.01296520
0.01296496
0.01446891
0.01299477
0.01495910
0.01493049
0.01296306
0.01395726
0.01496100
0.01296449
0.01396394
0.01399803
0.01496339
0.01596236
0.01393294
0.01296520
0.01396418
0.01396465
0.01396465
0.01496053
0.01596260
0.01496315
0.01296592
0.01495981
0.01495862
0.01396227
0.01393199
0.01396275
0.01595998
0.01299167
0.01595712
0.01396394
0.01396132
0.01526809
0.01496124
0.01462793
0.01396251
0.01406097
0.01296186
0.01496053
0.01496005
0.01493144
0.01399326
0.01396203
0.01396275
0.01496625
0.01496029
0.01296544
0.01396489
0.01495910
0.01496077
0.01396561
0.01296234
0.01296186
0.01560974
0.01496077
0.01396251
0.01296735
0.01396275
0.01296473
0.01396251
0.01296616
0.01396298
0.01399374
0.01399302
0.01595759
0.01957297
0.01495385
0.01400065
0.01596141
0.01595902
0.01495814
0.01296520
0.01695871
0.01498842
0.01595879
0.01393533
0.01396322
0.01396728
0.01396179
0.01396036
0.01498890
0.01599216
0.01496148
0.01296663
0.01396513
0.01496434
0.01396561
0.01399326
0.01499176
0.01495862
0.01495552
0.01398802
0.01496482
0.01296520
0.01296568
0.01396203
0.01469278
0.01522040
0.01295781
0.01596594
0.01396441
0.01296592
0.01296115
0.01496458
0.01500058
0.01595640
0.01296592
0.01495981
0.01396489
0.01495910
0.01396322
0.01296425
0.01496148
0.01293039
0.01396537
0.01396036
0.01646495
0.01695371
0.01399684
0.01441550
0.01596022
0.01399493
0.01374221
0.01396465
0.01496148
0.01407456
0.01327443
0.01396203
0.01459813
0.01595879
0.01396227
0.01299429
0.01250148
0.01296782
0.01296520
0.01296616
0.01595521
0.01463914
0.01496077
0.01347494
0.01695538
0.01522613
0.01594257
0.01695371
0.01596212
0.01592731
0.01495647
0.01695800
0.01396370
0.01496005
0.01695609
0.01396465
0.01396298
0.01296401
0.01595807
0.01318121
0.01393008
0.01296449
0.01399183
0.01196718
0.01196694
0.01296902
0.01196837
0.01296496
0.01299763
0.01196742
0.01296544
0.01393199
0.01396585
0.01396394
0.01296520
0.01298308
0.01396537
0.01296568
0.01196671
0.01296711
0.01197267
0.01396418
0.01396322
0.01495981
0.01299453
0.01296473
0.01195717
0.01396251
0.01396275
0.01197100
0.01398993
0.01200056
0.01296711
0.01396585
0.01296711
0.01197028
0.01457977
0.01290393
0.01196694
0.01296711
0.01293612
0.01299834
0.01296496
0.01221490
0.01296425
0.01296854
0.01196599
0.01296616
0.01296425
0.01296592
0.01496196
0.01296592
0.01299119
0.01393485
0.01196909
0.01396298
0.01296687
0.01396322
0.01396418
0.01396203
0.01296544
0.01399589
0.01496053
0.01396346
0.01495886
0.01495934
0.01296377
0.01296496
0.01296687
0.01299214
0.01393437
0.01396298
0.01396298
0.01395321
0.01499367
0.01495981
0.01299596
0.01496005
0.01297259
0.01567173
0.01296592
0.01396203
0.01433158
0.01495910
0.01396537
0.01496196
0.01296520
0.01396775
0.01499677
0.01296425
0.01396346
0.01496100
0.01396656
0.01293373
0.01598763
0.01495028
0.01496100
0.01299715
0.01400089
0.01296115
0.01495934
0.01296496
0.01296496
0.01396322
0.01296473
0.01296592
0.01496148
0.01499033
0.01595855
0.01496434
0.01296639
0.01396227
0.01396179
0.01396322
0.01396394
0.01396108
0.01396346
0.01296687
0.01595545
0.01396155
0.01299882
0.01496577
0.01396513
0.01296449
0.01396060
0.01496077
0.01496196
0.01396251
0.01295495
0.01496100
0.01595926
0.01396322
0.01396108
0.01396132
0.01396322
0.01296520
0.01495910
0.01495767
0.01596069
0.01396394
0.01296234
0.01296496
0.01399159
0.01495886
0.01296353
0.01395893
0.01495838
0.01395845
0.01296711
0.01395798
0.01496243
0.01396179
0.01496148
0.01396298
0.01296520
0.01396227
0.01644707
0.01496053
0.01396203
0.01396537
0.01495934
0.01495790
0.01695514
0.01496172
0.01496267
0.01296043
0.01495981
0.01396465
0.01296568
0.01296496
0.01595998
0.01495886
0.01396155
0.01296544
0.01496816
0.01496005
0.01296306
0.01496077
0.01396465
0.01399565
0.01295900
0.01496315
0.01396418
0.01396346
0.01296329
0.01496434
0.01595879
0.01296592
0.01396251
0.01495695
0.01496172
0.01296425
0.01396489
0.01396322
0.01296544
0.01296496
0.01495957
0.01595688
0.01496053
0.01396179
0.01295853
0.01396537
0.01396465
0.01297116
0.01299381
0.01396322
0.01496553
0.01296592
0.01496005
0.01196575
0.01396585
0.01196957
0.01296401
0.01296616
0.01296592
0.01296663
0.01296663
0.01396275
0.01297164
0.01396275
0.01395822
0.01396394
0.01399374
0.01396275
0.01395965
0.01495981
0.01296592
0.01396275
0.01495814
0.01396251
0.01299262
0.01296735
0.01299739
0.01296663
0.01399255
0.01296544
0.01296473
0.01396322
0.01395869
0.01396203
0.01296115
0.01595163
0.01396441
0.01296568
0.01296568
0.01396298
0.01396275
0.01396322
0.01296496
0.01295972
0.01496005
0.01296544
0.01296568
0.01396275
0.01296735
0.01296568
0.01396728
0.01299667
0.01296568
0.01365089
0.01396298
0.01296496
0.01296568
0.01296711
0.01293540
0.01396489
0.01296568
0.01396298
0.01196694
0.01396656
0.01396370
0.01396203
0.01296449
0.01396275
0.01496220
0.01399517
0.01296592
0.01395702
0.01396322
0.01396132
0.01296639
0.01396227
0.01296687
0.01296592
0.01296544
0.01356864
0.01399422
0.01396298
0.01296544
0.01596642
0.01595283
0.01396346
0.01396084
0.01499104
0.01396346
0.01595187
0.01496220
0.01496053
0.01296520
0.01396036
0.01396418
0.01396155
0.01496100
0.01495838
0.01307750
