0.00598836
0.01495719
0.01396275
0.01396227
0.01396370
0.01296377
0.01296711
0.01599169
0.01395941
0.01396060
0.01495743
0.01396298
0.01296592
0.01296329
0.01196742
0.01293921
0.01196647
0.01396227
0.01493382
0.01293755
0.01296449
0.01299167
0.01396608
0.01518297
0.01396704
0.01595831
0.01396322
0.01296973
0.01396370
0.01598573
0.01296568
0.01199818
0.01192999
0.01197004
0.01296926
0.01296234
0.01196742
0.01296401
0.01196384
0.01296806
0.01196837
0.01296496
0.01296186
0.01196623
0.01196623
0.01296163
0.01196814
0.01196504
0.01296639
0.01196837
0.01097298
0.01097035
0.01097345
0.01096821
0.01093912
0.01196957
0.01097155
0.01096892
0.01196718
0.01097059
0.01197052
0.00997233
0.01096821
0.00897241
0.00997472
0.01197457
0.00897479
0.01097703
0.00897694
0.00900340
0.00997519
0.00997448
0.01097608
0.00997162
0.00897551
0.00897884
0.00897646
0.01097059
0.00897241
0.00797701
0.00897455
0.00797677
0.00997186
0.00997066
0.00853539
0.00900936
0.00997114
0.00897622
0.00897527
0.00897574
0.00997376
0.00797796
0.00897408
0.00897264
0.00897503
0.00896001
0.00997615
0.00951767
0.00797820
0.00897145
0.00797868
0.01123834
0.00897598
0.00801206
0.00897884
0.00797725
0.00897813
0.00800681
0.00897574
0.00997257
0.00897169
0.00900745
0.01096725
0.00797844
0.00897813
0.00797868
0.00797868
0.00997686
0.00897670
0.00897789
0.00897813
0.00897264
0.00897717
0.00897717
0.00897837
0.00997424
0.00897312
0.00897646
0.00798059
0.00897884
0.00797558
0.00897336
0.00797844
0.00897717
0.00997400
0.00997353
0.00997448
0.00897670
0.00897789
0.00797868
0.00797892
0.00897741
0.00797915
0.00897551
0.00897336
0.00797868
0.00897980
0.00897551
0.00897574
0.00897479
0.00797725
0.00897527
0.00897741
0.00797939
0.00897670
0.00897598
0.00897694
0.00897551
0.00797820
0.00897408
0.00797820
0.00997710
0.00798416
0.00801492
0.00897360
0.00897551
0.00897622
0.00897646
0.00797796
0.00797820
0.00797820
0.00797677
0.00897288
0.00797844
0.00997806
0.00794721
0.00900626
0.00897908
0.00800848
0.00897837
0.00897574
0.00897455
0.00797749
0.00897503
0.00797915
0.00897646
0.00797868
0.00794959
0.00953388
0.00897598
0.01097393
0.00797987
0.00897479
0.00797534
0.00798368
0.00900412
0.00897431
0.00997305
0.00997496
0.00897789
0.00897884
0.00997424
0.00897408
0.00897574
0.00897622
0.00897908
0.00897670
0.00892997
0.00797868
0.00897598
0.00897312
0.00897717
0.00797772
0.00797796
0.01097035
0.00897264
0.00997329
0.00897217
0.00897598
0.00996923
0.00797844
0.00797653
0.00797844
0.00897741
0.00897574
0.00797677
0.00797987
0.00994301
0.00897694
0.00897145
0.00797915
0.00897384
0.00897622
0.00897670
0.00897527
0.00897264
0.00897217
0.00797725
0.00997567
0.00797868
0.00897861
0.00797558
0.00896502
0.00898147
0.00797820
0.00897670
0.00897336
0.00797939
0.00797915
0.00797868
0.00897741
0.00996637
0.00897551
0.00797796
0.00797844
0.00797796
0.00897837
0.00797915
0.01000476
0.00897813
0.00797892
0.00897574
0.00897694
0.00897455
0.00997639
0.00797892
0.00879598
0.00997519
0.00797844
0.00897670
0.00797963
0.00797844
0.00997734
0.00794363
0.00897431
0.00897217
0.00897789
0.00897670
0.00797677
0.00797892
0.00797939
0.00797868
0.00897789
0.00797772
0.00797892
0.00797892
0.00897789
0.00897551
0.00997233
0.00897908
0.00997615
0.00897360
0.00897646
0.00797915
0.00897455
0.00897360
0.00897455
0.00797820
0.00797844
0.00797772
0.00797820
0.00897574
0.00897384
0.00897312
0.00801229
0.00797796
0.00797844
0.00897670
0.01100326
0.01096988
0.00897551
0.00898075
0.00797677
0.00797749
0.00798011
0.00900722
0.00997424
0.00797868
0.00897598
0.00997114
0.00797844
0.00997400
0.00797629
0.00897717
0.00798130
0.00897598
0.00900364
0.00797963
0.00798011
0.00897741
0.00797892
0.00897670
0.00997472
0.00797963
0.01096916
0.00797725
0.00897622
0.00797892
0.00797796
0.01097298
0.00797749
0.00900888
0.00997758
0.00797653
0.00797725
0.00897741
0.00897145
0.00897503
0.00897598
0.00897861
0.00993633
0.00797939
0.01097178
0.00797701
0.00797963
0.00897431
0.00797772
0.00897264
0.00997615
0.00897527
0.00898385
0.00797582
0.00797915
0.00897598
0.00897837
0.00897765
0.00797987
0.00896764
0.00997281
0.00897384
0.00797749
0.01097059
0.00797796
0.00897741
0.00897312
0.00897694
0.00897479
0.00798178
0.00897741
0.00797725
0.00797701
0.00897622
0.01000381
0.00798249
0.00897503
0.00897956
0.00897717
0.00997806
0.00797892
0.00897455
0.00800920
0.00800729
0.00797772
0.00797772
0.00797939
0.00797963
0.00848556
0.00897813
0.00897527
0.00897598
0.00897622
0.00797749
0.00798059
0.00897121
0.00798011
0.00897598
0.00797892
0.00997639
0.00797915
0.00797868
0.00897694
0.00897765
0.00797749
0.00897694
0.00797844
0.00896955
0.00797510
0.00897622
0.00797844
0.00797725
0.00897408
0.00997591
0.00797796
0.00897980
0.00896692
0.00798249
0.00797892
0.00897169
0.00798059
0.00997567
0.00797844
0.01097131
0.00797486
0.00897574
0.00897431
0.00797915
0.00896144
0.00898004
0.00798130
0.00797939
0.00996995
0.00897551
0.00797963
0.00797915
0.00897598
0.00897598
0.00897741
0.00997519
0.00897408
0.00798106
0.00900578
0.00897670
0.00897479
0.00900984
0.00897074
0.00900698
0.00798035
0.00897503
0.00800920
0.00797772
0.00997734
0.00947738
0.00801039
0.00900722
0.00797725
0.00997496
0.00800729
0.00797820
0.00897789
0.00897884
0.00997376
0.00797963
0.00897527
0.00900936
0.00998092
0.00797939
0.00897670
0.00794053
0.00797963
0.00997758
0.00797892
0.00797677
0.00997615
0.00896811
0.00797892
0.00797772
0.00797796
0.00897288
0.00797796
0.00997305
0.00797725
0.00797844
0.00897670
0.00897646
0.00897193
0.00997448
0.00797701
0.00797939
0.00897264
0.00897384
0.00968838
0.00797939
0.00897336
0.00797701
0.00797892
0.00797796
0.00797915
0.00897956
0.00797844
0.00797868
0.00897479
0.00797868
0.00897527
0.01097178
0.00897527
0.00797892
0.00797844
0.00897789
0.00897622
0.00797820
0.00897932
0.00996661
0.00800967
0.00997496
0.00797510
0.01097345
0.01097345
0.00801158
0.00897455
0.00897074
0.00797963
0.00797892
0.00897598
0.00897169
0.00996947
0.00897264
0.00897241
0.00798035
0.00897717
0.00997376
0.00897503
0.00997043
0.00797915
0.00905228
0.00898123
0.00797653
0.00797820
0.00815248
0.00897312
0.00797939
0.00898075
0.00797939
0.00797820
0.00897408
0.00897574
0.00997686
0.00797796
0.00997257
0.00797820
0.00897241
0.00797963
0.00797963
0.00997329
0.00896525
0.00897264
0.00798011
0.00797820
0.01000500
0.00797772
0.00897241
0.00897646
0.00897694
0.00797939
0.00897694
0.00894046
0.00797915
0.00797749
0.00797915
0.00891709
0.00797868
0.00994635
0.00897789
0.00797653
0.00897646
0.00897717
0.00797892
0.00897694
0.00797820
0.00797820
0.00797868
0.00997329
0.00897503
0.00797749
0.00897622
0.00897837
0.00897264
0.00798202
0.00817275
0.00797796
0.00897765
0.00897169
0.00897551
0.00897479
0.00897789
0.00934482
0.00797772
0.00797987
0.00898123
0.00797462
0.00897336
0.00897884
0.00897670
0.00900865
0.00897503
0.00897264
0.00997615
0.00797844
0.00897646
0.00797725
0.00897765
0.00797892
0.00797677
0.00997519
0.00897670
0.00794506
0.00897622
0.00997400
0.00897765
0.01096964
0.00897288
0.00897694
0.00897312
0.00897622
0.00897050
0.00900769
0.00997305
0.00897288
0.00897670
0.01096988
0.00897598
0.00798059
0.00897861
0.00797820
0.00897741
0.00897980
0.00797796
0.00797820
0.00797701
0.00897741
0.01197362
0.00897837
0.00797820
0.00798059
0.00897384
0.00797915
0.01196527
0.00797749
0.00797892
0.00997806
0.00897574
0.00897646
0.00897741
0.00897002
0.00897551
0.00897312
0.00897646
0.00797725
0.00797725
0.00897598
0.00897694
0.00797844
0.00997400
0.00897455
0.00897384
0.01097584
0.00894642
0.01099896
0.01097369
0.00895238
0.01093888
0.00997972
0.00897264
0.01196623
0.00897574
0.00897551
0.00897598
0.00897717
0.01096654
0.00897837
0.00897598
0.00994349
0.00797892
0.00897551
0.00797749
0.00897694
0.00897646
0.00797939
0.00897551
0.00897336
0.00797892
0.00898337
0.00794864
0.00898051
0.00798512
0.00797820
0.00897932
0.00798011
0.00797796
0.00794768
0.00897694
0.00797796
0.00797868
0.00797868
0.00997448
0.00897622
0.00797915
0.00897741
0.00997376
0.00797939
0.00896692
0.00897479
0.00797749
0.00797772
0.00897622
0.00894427
0.00797820
0.00797963
0.00897670
0.00797939
0.00900841
0.00797987
0.00997210
0.00794721
0.00897622
0.00897241
0.00897741
0.01197290
0.00797749
0.00798225
0.00798035
0.00797892
0.00897574
0.00897431
0.00897598
0.00897765
0.00897336
0.00797796
0.00797963
0.00797725
0.00797820
0.00897598
0.00797939
0.00897861
0.00897574
0.00897622
0.00897670
0.00897670
0.00997114
0.00797749
0.00797844
0.00897837
0.00797677
0.00897431
0.00798059
0.00797772
0.00998068
0.00797439
0.00897646
0.00897861
0.00798011
0.00897646
0.00897574
0.00897551
0.00797677
0.00897145
0.00997400
0.00797796
0.00797915
0.00894427
0.00797677
0.00897503
0.00992727
0.00897431
0.00798035
0.00802064
0.00897789
0.00897837
0.00894499
0.00897908
0.00797844
0.00797844
0.00895357
0.00897932
0.00801158
0.00997162
0.00897241
0.00896931
0.00848603
0.00797749
0.00897551
0.00897384
0.00997138
0.00797486
0.00897288
0.00797892
0.00897646
0.00897694
0.00897336
0.00797820
0.00897789
0.00897551
0.00897503
0.00900984
0.00897598
0.00897479
0.00897598
0.00797772
0.00897408
0.00896645
0.00897622
0.00897622
0.00897646
0.00897622
0.00897789
0.00797987
0.00897193
0.00897384
0.00797939
0.00897789
0.00797915
0.00797963
0.00897837
0.00797772
0.00997424
0.00897241
0.00897574
0.00897026
0.00797868
0.00897455
0.00897861
0.00897384
0.00897694
0.00894237
0.00797844
0.00897646
0.00896883
0.01096869
0.00900888
0.00798035
0.00997066
0.00797772
0.00897694
0.00997233
0.00797796
0.00797582
0.00797391
0.00897217
0.00997186
0.00798106
0.00800967
0.00896335
0.00801229
0.00897646
0.00897336
0.00897598
0.00997376
0.00897193
0.00897717
0.00897312
0.00797915
0.00998235
0.00797749
0.00897312
0.00897479
0.00797796
0.00897455
0.00897408
0.00897312
0.00797796
0.00797772
0.00797796
0.00797701
0.00797868
0.00997829
0.00897551
0.00897741
0.00997329
0.00797772
0.00891781
0.00897598
0.00797868
0.01097322
0.00897551
0.00897741
0.00897360
0.00797939
0.00997543
0.00897431
0.00797796
0.00894713
0.00797844
0.00897741
0.00997615
0.00797939
0.00994706
0.00797915
0.00897479
0.00997305
0.00897670
0.00997233
0.00897455
0.00997400
0.00997353
0.00797701
0.00897479
0.00797892
0.00797939
0.00897551
0.00797844
0.00897598
0.00795174
0.00897694
0.00897527
0.00997090
0.00897336
0.01096940
0.00897622
0.00897551
0.00997162
0.00797892
0.00897622
0.00897336
0.00897193
0.00897765
0.00797892
0.00897551
0.00897694
0.00797868
0.00997233
0.00794601
0.00897241
0.00997114
0.00797844
0.01000786
0.00897574
0.00896764
0.00897765
0.00797820
0.01000261
0.01097178
0.00797844
0.00797844
0.00894809
0.00897288
0.00897574
0.00897336
0.00897551
0.00997543
0.00897288
0.00898099
0.00897288
0.00897527
0.00897384
0.00797868
0.00897312
0.00997281
0.00897264
0.00897622
0.00797796
0.00897479
0.00997353
0.00797915
0.00897503
0.00996876
0.00897527
0.00897574
0.00996518
0.00897384
0.00897670
0.00999641
0.00897598
0.00897431
0.00797963
0.00897408
0.00797772
0.00997424
0.00798249
0.00897622
0.00897861
0.00797987
0.00797915
0.00997972
0.00797701
0.00897574
0.00996709
0.00797725
0.00897622
0.00897670
0.00897717
0.00897670
0.00797820
0.00897741
0.00897241
0.00897694
0.00901031
0.00798011
0.00897551
0.00897336
0.00897598
0.00997591
0.00897598
0.00800991
0.00897598
0.00897503
0.00897694
0.00897622
0.00897574
0.00897908
0.00897455
0.00897431
