250.000,168.000,106.000,105.000
246.262,176.722,106.000,105.000
238.370,187.937,106.000,105.000
221.341,203.305,106.000,105.000
215.110,217.012,106.000,105.000
220.510,212.443,106.000,105.000
219.264,203.720,106.000,105.000
216.356,205.797,106.000,105.000
191.483,211.100,108.345,107.323
149.453,245.487,108.345,107.323
164.551,247.383,110.742,109.698
243.962,223.517,110.742,109.698
228.774,213.536,110.742,109.698
218.793,205.292,110.742,109.698
207.945,205.726,110.742,109.698
191.889,211.367,110.742,109.698
194.927,218.744,110.742,109.698
204.040,213.103,110.742,109.698
218.360,184.029,110.742,109.698
217.926,154.087,110.742,109.698
200.134,145.842,110.742,109.698
204.908,160.162,110.742,109.698
230.510,185.765,110.742,109.698
259.583,221.781,110.742,109.698
270.432,242.176,110.742,109.698
261.319,246.082,110.742,109.698
244.396,250.855,110.742,109.698
238.755,253.892,110.742,109.698
232.246,244.780,110.742,109.698
226.604,231.328,110.742,109.698
225.303,219.612,110.742,109.698
231.812,212.235,110.742,109.698
240.924,200.518,110.742,109.698
240.490,177.520,110.742,109.698
229.642,158.861,110.742,109.698
221.397,135.862,110.742,109.698
229.642,125.881,110.742,109.698
245.697,131.523,110.742,109.698
253.074,134.560,110.742,109.698
256.112,141.937,110.742,109.698
264.357,173.614,110.742,109.698
268.262,209.631,110.742,109.698
273.903,233.497,110.742,109.698
276.941,238.271,110.742,109.698
272.168,238.705,110.742,109.698
266.238,230.255,108.381,107.358
264.115,220.487,108.381,107.358
267.937,203.075,108.381,107.358
270.910,176.320,108.381,107.358
270.485,168.251,108.381,107.358
273.458,184.814,108.381,107.358
268.786,188.636,108.381,107.358
267.512,184.814,108.381,107.358
272.184,186.088,108.381,107.358
277.705,191.609,108.381,107.358
285.774,202.226,108.381,107.358
281.951,216.240,108.381,107.358
261.991,220.912,108.381,107.358
228.441,217.089,108.381,107.358
205.933,213.267,108.381,107.358
208.906,212.843,108.381,107.358
231.414,215.815,108.381,107.358
265.904,216.831,110.779,109.734
308.010,219.001,110.779,109.734
331.884,222.040,110.779,109.734
330.582,224.210,110.779,109.734
317.994,215.094,110.779,109.734
296.724,193.825,110.779,109.734
265.036,172.555,110.779,109.734
244.635,161.703,110.779,109.734
242.464,170.819,110.779,109.734
251.580,186.879,110.779,109.734
257.223,201.204,110.779,109.734
272.416,215.529,110.779,109.734
296.290,224.644,110.779,109.734
309.746,233.760,110.779,109.734
305.840,243.744,110.779,109.734
299.328,251.123,110.779,109.734
289.345,251.557,110.779,109.734
265.470,240.705,110.779,109.734
234.651,232.458,110.779,109.734
214.249,231.155,110.779,109.734
212.079,235.930,110.779,109.734
220.326,232.892,110.779,109.734
237.255,210.754,110.779,109.734
251.580,183.407,110.779,109.734
266.773,155.192,110.779,109.734
297.592,146.076,110.779,109.734
320.598,148.246,110.779,109.734
328.846,155.626,110.779,109.734
325.807,170.819,110.779,109.734
315.824,181.670,110.779,109.734
294.554,191.654,110.779,109.734
270.679,207.715,110.779,109.734
251.146,226.381,110.779,109.734
237.689,229.419,110.779,109.734
224.233,218.567,110.779,109.734
214.249,208.583,110.779,109.734
206.870,204.677,110.779,109.734
214.249,197.297,110.779,109.734
232.046,178.632,110.779,109.734
247.239,169.516,110.779,109.734
262.432,174.291,110.779,109.734
279.361,188.616,110.779,109.734
298.026,213.358,110.779,109.734
306.274,223.342,110.779,109.734
297.158,209.886,110.779,109.734
263.734,198.165,110.779,109.734
215.552,197.731,110.779,109.734
180.391,210.320,110.779,109.734
166.067,229.853,110.779,109.734
164.764,238.101,110.779,109.734
176.485,220.303,110.779,109.734
201.227,191.220,110.779,109.734
224.233,176.896,110.779,109.734
233.349,178.198,110.779,109.734
229.442,192.522,110.779,109.734
225.535,207.715,110.779,109.734
223.365,205.545,110.779,109.734
231.612,198.165,110.779,109.734
238.992,198.600,110.779,109.734
235.953,206.847,110.779,109.734
225.101,221.172,110.779,109.734
210.777,224.210,110.779,109.734
203.397,210.754,110.779,109.734
201.227,195.561,110.779,109.734
196.452,192.522,110.779,109.734
201.227,203.374,110.779,109.734
209.474,224.644,110.779,109.734
208.172,251.991,110.779,109.734
203.397,251.557,110.779,109.734
202.095,225.078,110.779,109.734
204.265,203.808,110.779,109.734
196.018,185.143,110.779,109.734
175.616,176.027,110.779,109.734
165.633,184.275,110.779,109.734
172.144,197.731,110.779,109.734
185.600,204.243,110.779,109.734
204.265,205.545,110.779,109.734
227.272,211.188,110.779,109.734
252.014,224.644,110.779,109.734
276.757,240.705,110.779,109.734
296.290,244.612,110.779,109.734
288.043,239.837,110.779,109.734
253.750,232.458,110.779,109.734
208.172,223.342,110.779,109.734
173.880,219.435,110.779,109.734
141.324,224.210,110.779,109.734
111.373,225.512,110.779,109.734
117.016,213.792,110.779,109.734
163.462,204.677,110.779,109.734
215.117,195.561,110.779,109.734
228.574,188.182,110.779,109.734
229.876,189.484,110.779,109.734
237.255,197.731,110.779,109.734
242.898,211.188,110.779,109.734
234.651,217.699,110.779,109.734
199.649,218.737,113.230,112.161
174.359,221.843,113.230,112.161
179.239,224.061,113.230,112.161
212.515,220.068,113.230,112.161
260.877,215.187,113.230,112.161
275.518,212.969,113.230,112.161
269.751,214.300,113.230,112.161
259.546,205.870,113.230,112.161
252.891,197.440,113.230,112.161
248.010,191.672,113.230,112.161
253.778,186.792,113.230,112.161
267.532,191.672,113.230,112.161
274.187,200.102,113.230,112.161
267.532,203.208,113.230,112.161
242.242,207.201,113.230,112.161
208.079,223.617,113.230,112.161
188.113,242.696,113.230,112.161
177.908,246.689,113.230,112.161
181.014,245.358,113.230,112.161
201.867,240.477,113.230,112.161
209.410,236.484,113.230,112.161
194.768,233.378,113.230,112.161
176.577,228.498,113.230,112.161
172.584,221.843,113.230,112.161
192.550,219.624,113.230,112.161
240.024,212.969,113.230,112.161
276.849,200.102,113.230,112.161
279.955,195.222,113.230,112.161
247.566,193.891,113.230,112.161
214.290,184.573,113.230,112.161
198.761,180.580,113.230,112.161
180.570,183.686,113.230,112.161
169.478,185.904,113.230,112.161
174.359,188.123,113.230,112.161
207.640,197.444,110.815,109.770
265.430,199.383,113.267,112.198
291.616,192.726,113.267,112.198
292.059,189.619,113.267,112.198
274.750,193.613,113.267,112.198
254.778,197.608,113.267,112.198
233.030,206.041,113.267,112.198
211.283,213.586,113.267,112.198
177.108,203.378,113.267,112.198
146.484,189.619,113.267,112.198
141.602,184.737,113.267,112.198
160.686,187.844,113.267,112.198
185.097,192.726,113.267,112.198
194.417,194.057,113.267,112.198
189.535,188.288,113.267,112.198
195.305,178.079,113.267,112.198
205.513,169.647,113.267,112.198
213.946,171.866,113.267,112.198
216.165,180.299,113.267,112.198
207.732,190.507,113.267,112.198
201.962,206.041,113.267,112.198
213.946,225.125,113.267,112.198
222.378,245.097,113.267,112.198
212.170,249.092,113.267,112.198
193.086,238.884,113.267,112.198
182.878,212.698,113.267,112.198
178.883,175.860,113.267,112.198
189.091,158.551,113.267,112.198
203.738,158.995,113.267,112.198
221.047,170.091,113.267,112.198
239.794,186.259,110.851,109.806
243.703,185.825,110.851,109.806
235.450,187.128,110.851,109.806
215.035,192.775,110.851,109.806
192.883,201.896,110.851,109.806
186.367,211.018,110.851,109.806
191.145,215.796,110.851,109.806
187.236,209.281,110.851,109.806
187.999,187.425,108.487,107.464
201.177,167.445,108.487,107.464
233.910,167.020,108.487,107.464
271.744,171.696,108.487,107.464
294.274,186.575,108.487,107.464
298.950,209.105,108.487,107.464
295.975,220.583,108.487,107.464
298.950,224.409,108.487,107.464
301.926,221.433,108.487,107.464
292.149,225.259,108.487,107.464
267.918,230.785,108.487,107.464
243.687,229.510,108.487,107.464
233.060,236.737,108.487,107.464
223.283,242.263,108.487,107.464
210.105,231.635,108.487,107.464
211.380,218.457,108.487,107.464
215.206,209.530,108.487,107.464
222.432,204.854,108.487,107.464
237.311,203.579,108.487,107.464
252.189,195.502,108.487,107.464
259.416,182.324,108.487,107.464
262.392,169.996,108.487,107.464
275.570,178.923,108.487,107.464
285.347,213.356,108.487,107.464
278.121,247.789,108.487,107.464
262.392,256.716,108.487,107.464
254.315,235.036,108.487,107.464
249.639,195.502,108.487,107.464
244.650,172.473,106.174,105.172
238.409,162.073,106.174,105.172
227.176,165.817,106.174,105.172
210.119,173.721,106.174,105.172
218.023,173.305,106.174,105.172
247.562,162.073,106.174,105.172
267.115,151.672,106.174,105.172
281.677,146.263,106.174,105.172
278.764,158.328,106.174,105.172
263.371,175.386,106.174,105.172
246.314,187.451,106.174,105.172
240.073,190.363,106.174,105.172
242.985,187.451,106.174,105.172
250.058,190.363,106.174,105.172
241.321,199.932,106.174,105.172
213.447,210.333,106.174,105.172
204.710,213.245,106.174,105.172
213.447,203.676,106.174,105.172
229.672,190.779,106.174,105.172
240.905,186.203,106.174,105.172
242.985,193.275,106.174,105.172
240.905,201.180,106.174,105.172
239.657,204.924,106.174,105.172
231.753,210.333,106.174,105.172
214.695,220.733,106.174,105.172
210.119,236.127,106.174,105.172
218.855,239.039,106.174,105.172
224.264,233.630,106.174,105.172
218.855,228.222,106.174,105.172
215.111,224.478,106.174,105.172
224.680,215.741,106.174,105.172
251.722,187.867,106.174,105.172
274.604,168.313,106.174,105.172
280.845,163.737,106.174,105.172
279.596,171.641,106.174,105.172
275.020,192.027,106.174,105.172
268.780,216.573,106.174,105.172
261.707,228.638,106.174,105.172
243.817,229.054,106.174,105.172
220.936,228.638,106.174,105.172
218.023,239.039,106.174,105.172
228.424,247.776,106.174,105.172
237.161,245.695,106.174,105.172
239.241,227.806,106.174,105.172
241.321,213.245,106.174,105.172
259.211,210.333,106.174,105.172
289.581,214.909,106.174,105.172
300.814,211.997,106.174,105.172
296.238,204.924,106.174,105.172
282.509,202.844,106.174,105.172
271.276,212.413,106.174,105.172
266.699,227.806,106.174,105.172
257.963,240.703,106.174,105.172
254.218,242.783,106.174,105.172
262.955,238.207,106.174,105.172
267.531,228.638,106.174,105.172
262.955,219.901,106.174,105.172
258.379,213.661,106.174,105.172
256.299,208.252,106.174,105.172
261.707,205.340,106.174,105.172
267.947,198.268,106.174,105.172
270.028,191.195,106.174,105.172
270.444,197.435,106.174,105.172
278.348,211.997,106.174,105.172
287.901,226.351,103.910,102.929
291.566,230.830,103.910,102.929
278.944,232.051,103.910,102.929
251.664,237.344,103.910,102.929
228.456,239.380,103.910,102.929
214.205,224.315,103.910,102.929
203.212,196.221,103.910,102.929
206.282,175.734,101.694,100.734
213.853,168.163,101.694,100.734
226.206,174.140,101.694,100.734
241.746,183.305,101.694,100.734
248.521,186.094,101.694,100.734
256.092,191.275,101.694,100.734
269.242,202.831,101.694,100.734
286.376,228.732,101.694,100.734
294.758,253.235,99.525,98.586
288.128,247.385,99.525,98.586
279.939,219.696,99.525,98.586
268.629,205.267,99.525,98.586
251.080,199.417,99.525,98.586
227.291,202.147,99.525,98.586
221.441,218.916,99.525,98.586
230.411,232.565,99.525,98.586
245.899,224.597,101.727,100.767
266.228,229.779,101.727,100.767
275.396,234.163,101.727,100.767
276.592,242.534,101.727,100.767
273.004,256.485,101.727,100.767
271.808,261.667,101.727,100.767
273.004,257.283,101.727,100.767
274.200,252.898,101.727,100.767
275.396,242.933,101.727,100.767
277.389,234.562,101.727,100.767
272.207,236.555,101.727,100.767
262.242,242.534,101.727,100.767
254.668,245.324,101.727,100.767
252.675,236.156,101.727,100.767
253.871,225.394,101.727,100.767
251.081,219.415,101.727,100.767
245.899,223.002,101.727,100.767
250.283,227.387,101.727,100.767
261.843,230.177,101.727,100.767
278.186,221.806,101.727,100.767
291.949,211.739,99.558,98.619
294.680,198.865,99.558,98.619
290.389,195.354,99.558,98.619
285.318,201.206,99.558,98.619
281.026,208.618,99.558,98.619
265.032,214.470,99.558,98.619
242.015,206.277,99.558,98.619
226.021,195.744,99.558,98.619
223.290,200.816,99.558,98.619
229.142,217.591,99.558,98.619
250.598,256.211,99.558,98.619
278.296,279.228,99.558,98.619
299.752,261.673,99.558,98.619
315.746,244.118,99.558,98.619
314.576,233.585,99.558,98.619
300.142,224.613,99.558,98.619
277.906,229.684,99.558,98.619
249.427,239.437,99.558,98.619
226.411,238.266,99.558,98.619
244.332,236.771,101.761,100.800
286.200,237.169,101.761,100.800
310.523,235.973,101.761,100.800
328.467,229.195,101.761,100.800
339.160,232.191,99.590,98.651
346.575,238.825,99.590,98.651
350.087,239.215,99.590,98.651
351.257,231.801,99.590,98.651
341.501,233.752,99.590,98.651
318.477,248.191,99.590,98.651
299.356,262.630,99.590,98.651
295.063,255.996,99.590,98.651
304.819,244.679,99.590,98.651
315.356,241.166,99.590,98.651
330.334,253.878,97.467,96.547
348.284,261.135,97.467,96.547
357.068,251.587,97.467,96.547
343.701,224.471,97.467,96.547
308.947,182.842,97.467,96.547
288.705,167.947,97.467,96.547
283.741,173.676,97.467,96.547
282.203,192.007,95.388,94.488
274.354,210.322,95.388,94.488
252.301,231.627,95.388,94.488
230.693,240.276,97.499,96.579
221.906,242.950,97.499,96.579
220.760,246.389,97.499,96.579
231.075,249.063,97.499,96.579
245.975,237.984,97.499,96.579
251.706,208.567,97.499,96.579
242.919,185.262,97.499,96.579
234.132,174.183,97.499,96.579
228.401,179.914,97.499,96.579
211.209,193.285,97.499,96.579
195.546,207.421,97.499,96.579
189.815,210.095,97.499,96.579
184.848,215.061,97.499,96.579
179.118,228.433,97.499,96.579
184.084,235.692,97.499,96.579
204.333,238.366,97.499,96.579
236.152,230.559,99.656,98.716
267.001,221.578,99.656,98.716
294.726,218.844,99.656,98.716
310.468,227.048,97.531,96.610
310.850,240.424,97.531,96.610
291.360,249.214,97.531,96.610
240.531,232.781,97.531,96.610
212.633,220.933,97.531,96.610
188.557,219.023,97.531,96.610
180.531,227.048,97.531,96.610
208.429,232.016,97.531,96.610
231.202,220.154,95.451,94.550
246.537,204.819,95.451,94.550
264.116,198.461,95.451,94.550
291.419,201.827,95.451,94.550
321.714,205.193,95.451,94.550
334.057,209.308,95.451,94.550
328.446,209.682,95.451,94.550
306.048,199.711,97.563,96.642
265.908,183.272,97.563,96.642
237.236,160.717,97.563,96.642
247.558,150.395,97.563,96.642
279.288,143.132,97.563,96.642
294.962,132.810,97.563,96.642
301.461,121.723,97.563,96.642
302.608,128.222,97.563,96.642
302.990,153.071,97.563,96.642
307.346,192.054,95.482,94.581
307.721,225.353,95.482,94.581
308.378,231.770,93.446,92.564
305.083,221.152,93.446,92.564
298.858,209.069,93.446,92.564
293.855,199.821,91.453,90.590
292.063,177.961,91.453,90.590
290.988,147.501,91.453,90.590
289.913,104.141,91.453,90.590
308.189,86.581,91.453,90.590
326.465,100.557,91.453,90.590
335.423,136.034,91.453,90.590
325.031,166.494,91.453,90.590
306.039,186.203,91.453,90.590
293.496,205.196,91.453,90.590
284.537,221.322,91.453,90.590
276.295,232.431,91.453,90.590
270.203,237.089,91.453,90.590
275.579,241.748,91.453,90.590
283.104,242.106,91.453,90.590
289.913,231.714,91.453,90.590
296.005,220.605,91.453,90.590
309.264,202.329,91.453,90.590
316.789,194.804,91.453,90.590
322.881,197.312,91.453,90.590
336.140,203.404,91.453,90.590
336.079,219.913,89.503,88.658
321.700,239.904,89.503,88.658
301.709,259.193,89.503,88.658
281.018,270.766,89.503,88.658
267.340,269.012,89.503,88.658
262.781,266.558,89.503,88.658
248.401,242.359,89.503,88.658
241.738,204.833,89.503,88.658
265.236,189.051,89.503,88.658
283.122,183.089,89.503,88.658
297.501,187.648,89.503,88.658
312.581,202.027,89.503,88.658
328.363,217.107,89.503,88.658
344.145,237.799,89.503,88.658
350.809,261.297,89.503,88.658
346.250,270.766,89.503,88.658
331.870,275.325,89.503,88.658
303.416,281.341,87.594,86.768
255.707,285.803,87.594,86.768
224.473,278.595,87.594,86.768
217.951,260.404,87.594,86.768
227.818,234.532,85.726,84.917
228.825,209.339,85.726,84.917
241.926,201.613,85.726,84.917
269.713,200.252,83.898,83.107
299.823,194.899,85.754,84.945
315.616,195.907,85.754,84.945
322.000,200.275,85.754,84.945
327.712,211.364,85.754,84.945
332.081,224.469,85.754,84.945
322.336,240.262,85.754,84.945
288.596,251.855,83.926,83.134
245.432,249.255,82.136,81.361
209.064,247.002,82.136,81.361
188.454,239.758,83.953,83.161
199.813,245.401,82.163,81.388
234.905,249.586,82.163,81.388
257.763,242.181,82.163,81.388
263.237,236.708,82.163,81.388
285.524,242.230,80.411,79.652
342.554,240.025,80.411,79.652
376.268,224.586,80.411,79.652
351.919,224.524,78.696,77.953
281.303,229.766,78.696,77.953
211.922,237.475,78.696,77.953
171.526,236.550,78.696,77.953
168.416,227.690,80.437,79.678
194.014,199.013,82.217,81.441
223.330,176.784,82.217,81.441
226.874,171.951,82.217,81.441
227.636,178.070,84.036,83.243
237.844,202.766,84.036,83.243
243.441,231.414,84.036,83.243
239.819,254.794,84.036,83.243
245.417,272.246,84.036,83.243
252.345,275.766,85.895,85.085
243.258,266.679,85.895,85.085
225.419,262.303,85.895,85.085
229.122,271.391,85.895,85.085
254.365,292.595,85.895,85.085
277.588,293.604,85.895,85.085
278.598,277.112,85.895,85.085
276.915,254.562,85.895,85.085
284.656,209.798,85.895,85.085
278.261,167.726,85.895,85.085
259.077,158.639,85.895,85.085
241.911,166.380,85.895,85.085
235.516,189.603,85.895,85.085
230.468,222.924,85.895,85.085
230.131,250.187,85.895,85.085
236.514,261.467,87.795,86.967
245.115,254.931,87.795,86.967
249.587,241.514,87.795,86.967
249.243,234.978,87.795,86.967
261.284,233.258,87.795,86.967
282.269,222.593,87.795,86.967
285.365,209.864,87.795,86.967
273.324,197.135,87.795,86.967
281.925,189.223,87.795,86.967
298.094,186.815,87.795,86.967
299.126,202.296,87.795,86.967
285.021,232.225,87.795,86.967
276.420,259.403,87.795,86.967
288.461,270.068,87.795,86.967
292.245,264.219,87.795,86.967
280.893,251.491,87.795,86.967
272.426,242.319,89.738,88.891
275.591,244.077,89.738,88.891
276.646,241.616,89.738,88.891
269.965,234.232,89.738,88.891
263.284,226.848,89.738,88.891
258.009,225.089,89.738,88.891
252.735,231.770,89.738,88.891
243.241,233.529,89.738,88.891
241.483,230.364,89.738,88.891
266.448,225.793,89.738,88.891
290.008,226.144,89.738,88.891
282.623,234.232,89.738,88.891
261.174,243.023,89.738,88.891
257.306,244.781,89.738,88.891
263.987,232.474,89.738,88.891
271.371,222.980,89.738,88.891
271.020,218.408,89.738,88.891
276.294,223.683,89.738,88.891
283.678,226.848,89.738,88.891
281.920,227.902,89.738,88.891
275.942,226.848,89.738,88.891
274.887,222.276,89.738,88.891
278.755,226.144,89.738,88.891
279.107,233.529,89.738,88.891
273.129,247.945,89.738,88.891
269.261,252.517,89.738,88.891
275.942,243.023,89.738,88.891
288.249,228.606,89.738,88.891
286.491,224.035,89.738,88.891
278.404,232.122,89.738,88.891
270.316,245.132,89.738,88.891
267.855,238.451,89.738,88.891
271.723,219.112,89.738,88.891
276.294,211.727,89.738,88.891
278.052,217.002,89.738,88.891
277.701,230.716,89.738,88.891
272.426,242.319,89.738,88.891
266.448,244.781,89.738,88.891
268.910,240.210,89.738,88.891
271.371,234.935,89.738,88.891
263.284,236.693,89.738,88.891
251.680,244.781,89.738,88.891
250.942,257.591,87.824,86.996
253.351,256.558,87.824,86.996
255.072,248.643,87.824,86.996
256.104,242.793,87.824,86.996
252.319,247.955,87.824,86.996
254.039,260.688,87.824,86.996
257.825,267.227,87.824,86.996
256.792,269.635,87.824,86.996
255.072,269.291,87.824,86.996
253.351,265.506,87.824,86.996
246.812,258.279,87.824,86.996
244.404,253.117,87.824,86.996
245.217,237.516,89.767,88.920
243.458,229.426,89.767,88.920
243.107,227.667,89.767,88.920
246.976,230.130,89.767,88.920
250.845,227.667,89.767,88.920
253.307,219.577,89.767,88.920
257.177,214.301,89.767,88.920
255.418,222.391,89.767,88.920
257.177,238.923,89.767,88.920
259.639,247.013,89.767,88.920
256.473,246.662,89.767,88.920
257.528,237.868,89.767,88.920
266.322,229.778,89.767,88.920
268.081,232.240,89.767,88.920
265.618,239.627,89.767,88.920
258.232,243.496,89.767,88.920
253.659,244.551,89.767,88.920
256.825,235.757,89.767,88.920
255.066,229.074,89.767,88.920
246.272,237.868,89.767,88.920
240.293,254.400,89.767,88.920
241.854,255.971,91.753,90.888
253.719,257.049,91.753,90.888
272.055,245.904,91.753,90.888
281.043,235.478,91.753,90.888
267.021,237.275,91.753,90.888
247.247,250.578,91.753,90.888
265.583,261.004,91.753,90.888
283.919,253.454,91.753,90.888
281.402,240.152,91.753,90.888
260.909,231.882,91.753,90.888
244.214,234.584,89.797,88.950
238.936,236.344,89.797,88.950
242.807,236.695,89.797,88.950
245.460,235.270,87.882,87.053
239.129,232.520,89.826,88.979
235.961,232.872,89.826,88.979
243.353,239.560,89.826,88.979
243.001,247.655,89.826,88.979
256.728,259.975,89.826,88.979
311.284,256.103,89.826,88.979
320.084,249.415,89.826,88.979
302.657,242.953,91.814,90.947
241.137,256.265,91.814,90.947
220.631,272.454,91.814,90.947
226.747,275.692,91.814,90.947
251.570,266.698,91.814,90.947
258.406,263.460,91.814,90.947
247.253,265.978,91.814,90.947
229.441,264.599,93.845,92.960
217.306,264.231,93.845,92.960
225.028,268.276,93.845,92.960
241.576,269.379,93.845,92.960
245.621,263.128,93.845,92.960
244.518,255.406,93.845,92.960
240.202,253.916,91.844,90.977
236.963,249.238,91.844,90.977
246.680,240.240,91.844,90.977
250.638,233.403,91.844,90.977
246.680,229.444,91.844,90.977
245.600,221.886,91.844,90.977
251.782,219.041,89.885,89.037
254.248,225.028,89.885,89.037
246.147,250.035,89.885,89.037
233.820,282.086,89.885,89.037
232.763,285.960,89.885,89.037
240.160,265.885,89.885,89.037
247.556,247.218,89.885,89.037
257.066,229.255,89.885,89.037
263.795,214.249,87.968,87.138
257.246,200.116,87.968,87.138
252.075,185.984,87.968,87.138
253.799,168.404,87.968,87.138
260.385,164.350,86.092,85.280
267.469,167.386,86.092,85.280
273.879,182.566,86.092,85.280
279.024,208.513,84.256,83.461
281.995,241.198,84.256,83.461
282.091,241.302,86.121,85.308
279.054,218.017,86.121,85.308
280.066,204.182,86.121,85.308
295.926,201.819,86.121,85.308
315.836,208.231,86.121,85.308
320.898,220.042,86.121,85.308
311.112,225.104,86.121,85.308
295.805,226.611,88.026,87.195
295.460,231.785,88.026,87.195
300.634,246.617,88.026,87.195
309.257,270.416,88.026,87.195
317.190,281.799,88.026,87.195
309.947,273.176,88.026,87.195
297.184,254.895,88.026,87.195
293.390,231.785,88.026,87.195
291.666,211.434,88.026,87.195
289.251,203.501,88.026,87.195
288.216,209.365,88.026,87.195
298.219,222.127,88.026,87.195
310.291,230.060,88.026,87.195
313.396,235.234,88.026,87.195
308.222,241.098,88.026,87.195
301.668,251.101,88.026,87.195
296.495,252.825,88.026,87.195
294.080,245.582,88.026,87.195
294.425,231.440,88.026,87.195
296.839,215.918,88.026,87.195
300.634,206.605,88.026,87.195
298.219,202.811,88.026,87.195
302.703,202.466,88.026,87.195
310.636,208.330,88.026,87.195
326.848,221.092,88.026,87.195
332.022,237.993,88.026,87.195
313.051,253.515,88.026,87.195
283.732,259.379,88.026,87.195
264.072,256.274,88.026,87.195
247.171,249.721,88.026,87.195
233.029,227.301,88.026,87.195
229.924,197.982,88.026,87.195
246.826,180.391,88.026,87.195
266.486,185.565,88.026,87.195
278.559,198.327,88.026,87.195
283.154,210.228,86.149,85.336
287.542,212.591,86.149,85.336
291.843,214.099,88.055,87.224
294.948,215.134,88.055,87.224
295.293,217.549,88.055,87.224
293.568,219.274,88.055,87.224
