228.000,236.000,80.000,64.000
230.547,236.849,80.000,64.000
233.094,238.264,80.000,64.000
234.510,246.472,80.000,64.000
233.094,255.246,80.000,64.000
228.849,256.661,80.000,64.000
229.132,249.585,80.000,64.000
227.717,234.585,80.000,64.000
227.434,228.075,80.000,64.000
226.585,241.377,80.000,64.000
221.295,262.105,81.770,65.416
221.891,264.683,83.579,66.863
225.144,251.377,83.579,66.863
229.579,228.609,83.579,66.863
231.058,219.443,83.579,66.863
233.128,232.157,83.579,66.863
241.111,241.915,83.579,66.863
250.869,233.931,83.579,66.863
249.390,217.668,83.579,66.863
233.434,208.646,85.428,68.343
207.717,213.220,87.318,69.855
183.313,227.122,87.318,69.855
196.596,237.316,87.318,69.855
228.415,245.039,87.318,69.855
233.666,247.819,87.318,69.855
212.969,247.510,87.318,69.855
190.418,240.405,87.318,69.855
169.102,233.918,87.318,69.855
164.469,237.934,87.318,69.855
179.606,240.096,87.318,69.855
199.067,233.609,87.318,69.855
202.465,222.797,87.318,69.855
194.125,216.927,87.318,69.855
193.198,225.886,87.318,69.855
205.246,225.577,87.318,69.855
214.204,219.708,87.318,69.855
212.042,215.692,87.318,69.855
205.555,222.179,87.318,69.855
205.246,243.494,87.318,69.855
212.969,267.899,87.318,69.855
216.367,271.297,87.318,69.855
206.172,262.956,87.318,69.855
193.507,262.647,87.318,69.855
181.459,270.370,87.318,69.855
180.532,274.386,87.318,69.855
195.051,275.313,87.318,69.855
209.571,278.093,87.318,69.855
215.440,283.345,87.318,69.855
216.367,278.093,87.318,69.855
217.911,261.103,87.318,69.855
230.577,242.877,87.318,69.855
245.714,240.096,87.318,69.855
260.233,251.526,87.318,69.855
257.453,256.160,87.318,69.855
233.666,249.673,87.318,69.855
209.879,241.332,87.318,69.855
199.685,234.227,87.318,69.855
205.555,237.007,87.318,69.855
213.278,247.201,87.318,69.855
227.179,249.364,87.318,69.855
236.755,239.787,87.318,69.855
236.446,224.032,87.318,69.855
231.813,224.341,87.318,69.855
237.577,221.966,89.250,71.400
254.944,216.598,89.250,71.400
274.205,214.388,89.250,71.400
281.467,221.019,89.250,71.400
277.362,237.122,89.250,71.400
263.153,248.174,89.250,71.400
253.996,245.332,89.250,71.400
260.627,234.280,89.250,71.400
269.784,224.492,89.250,71.400
274.520,222.913,89.250,71.400
277.362,208.705,89.250,71.400
265.048,187.549,89.250,71.400
241.366,172.709,89.250,71.400
217.053,171.761,89.250,71.400
202.844,170.814,89.250,71.400
208.844,170.498,89.250,71.400
220.527,163.868,89.250,71.400
224.000,155.974,89.250,71.400
228.736,167.657,89.250,71.400
231.578,186.286,89.250,71.400
224.947,198.600,89.250,71.400
219.579,207.757,89.250,71.400
209.791,204.284,89.250,71.400
191.793,195.759,89.250,71.400
186.425,185.970,89.250,71.400
197.477,167.341,89.250,71.400
218.632,171.446,89.250,71.400
239.788,203.337,89.250,71.400
247.681,233.965,89.250,71.400
244.208,246.911,89.250,71.400
236.314,240.911,89.250,71.400
228.420,224.176,89.250,71.400
224.316,210.599,89.250,71.400
225.894,211.546,89.250,71.400
229.999,213.757,89.250,71.400
239.156,209.020,89.250,71.400
241.366,197.969,89.250,71.400
229.052,194.496,89.250,71.400
216.738,206.810,89.250,71.400
222.737,219.756,89.250,71.400
250.250,223.880,91.225,72.980
284.783,215.166,91.225,72.980
279.942,206.452,91.225,72.980
256.382,208.711,91.225,72.980
231.531,218.716,91.225,72.980
215.717,219.684,91.225,72.980
212.812,208.388,91.225,72.980
210.553,196.447,91.225,72.980
215.394,199.997,91.225,72.980
218.299,211.293,91.225,72.980
244.412,216.848,93.243,74.595
281.029,219.817,93.243,74.595
287.296,215.528,93.243,74.595
270.473,205.962,93.243,74.595
313.027,170.005,93.243,74.595
264.535,165.057,93.243,74.595
236.465,161.836,95.306,76.245
238.559,163.441,97.415,77.932
159.637,182.396,97.415,77.932
162.739,178.605,97.415,77.932
170.754,179.768,95.338,76.270
189.304,171.336,95.338,76.270
204.482,175.046,95.338,76.270
212.240,188.200,95.338,76.270
216.625,197.307,95.338,76.270
222.359,197.645,95.338,76.270
226.744,189.887,95.338,76.270
231.803,189.550,95.338,76.270
231.844,199.791,93.305,74.644
232.174,202.762,93.305,74.644
250.330,205.072,93.305,74.644
270.465,219.926,93.305,74.644
278.058,244.024,93.305,74.644
277.727,265.480,93.305,74.644
274.757,279.674,93.305,74.644
277.067,285.946,93.305,74.644
274.757,277.033,93.305,74.644
277.067,267.460,93.305,74.644
278.718,256.567,93.305,74.644
273.106,228.509,93.305,74.644
279.378,198.470,93.305,74.644
274.427,197.480,93.305,74.644
263.013,228.502,91.315,73.052
252.998,268.237,91.315,73.052
249.445,298.928,91.315,73.052
247.829,297.959,91.315,73.052
239.107,266.622,91.315,73.052
225.861,257.254,91.315,73.052
219.077,260.807,91.315,73.052
220.046,254.023,91.315,73.052
219.077,236.901,91.315,73.052
221.985,229.471,91.315,73.052
231.353,231.732,91.315,73.052
236.199,223.656,91.315,73.052
232.000,198.134,91.315,73.052
225.215,170.028,91.315,73.052
223.600,167.121,91.315,73.052
230.384,178.428,91.315,73.052
241.691,187.150,91.315,73.052
244.599,186.827,91.315,73.052
233.938,187.796,91.315,73.052
211.001,188.766,91.315,73.052
189.356,183.920,91.315,73.052
184.510,175.843,91.315,73.052
201.632,160.660,91.315,73.052
215.524,140.953,91.315,73.052
210.678,124.477,91.315,73.052
205.832,124.800,91.315,73.052
207.447,141.922,91.315,73.052
212.293,148.706,91.315,73.052
226.656,144.192,89.368,71.494
233.296,145.140,89.368,71.494
232.979,149.883,89.368,71.494
232.031,169.802,89.368,71.494
225.391,194.779,89.368,71.494
213.061,214.065,89.368,71.494
208.318,215.013,89.368,71.494
207.370,196.360,89.368,71.494
196.936,161.265,89.368,71.494
183.341,116.685,89.368,71.494
184.290,105.620,89.368,71.494
192.194,124.273,89.368,71.494
208.318,147.354,89.368,71.494
230.134,158.419,89.368,71.494
244.994,158.736,89.368,71.494
242.781,151.464,89.368,71.494
239.935,142.927,89.368,71.494
244.678,152.728,89.368,71.494
244.994,163.162,89.368,71.494
235.193,164.743,89.368,71.494
229.818,175.809,89.368,71.494
231.399,184.345,89.368,71.494
234.876,184.029,89.368,71.494
240.884,181.816,89.368,71.494
246.891,175.176,89.368,71.494
248.148,162.225,87.462,69.969
241.650,173.674,87.462,69.969
232.677,217.922,87.462,69.969
243.507,259.694,87.462,69.969
254.337,271.143,87.462,69.969
265.167,275.166,87.462,69.969
257.431,261.860,87.462,69.969
242.888,244.223,87.462,69.969
245.673,253.815,87.462,69.969
259.597,268.358,87.462,69.969
265.476,271.143,87.462,69.969
262.691,260.313,87.462,69.969
254.956,247.008,87.462,69.969
244.745,239.891,87.462,69.969
251.243,234.012,87.462,69.969
263.929,218.231,87.462,69.969
266.095,195.024,87.462,69.969
259.597,187.908,87.462,69.969
258.669,208.020,87.462,69.969
262.691,229.989,87.462,69.969
258.669,232.155,87.462,69.969
245.982,220.088,87.462,69.969
231.439,209.258,87.462,69.969
223.085,224.420,87.462,69.969
227.726,256.291,87.462,69.969
240.413,272.690,87.462,69.969
243.198,256.291,87.462,69.969
230.511,220.707,87.462,69.969
225.251,209.877,87.462,69.969
249.077,218.850,87.462,69.969
280.329,221.016,87.462,69.969
293.015,207.711,87.462,69.969
273.521,182.029,87.462,69.969
235.462,172.436,87.462,69.969
198.022,185.123,87.462,69.969
177.909,192.858,87.462,69.969
176.362,183.266,87.462,69.969
181.003,166.867,87.462,69.969
197.403,161.607,87.462,69.969
232.368,160.059,87.462,69.969
257.431,154.180,87.462,69.969
258.359,154.490,87.462,69.969
241.341,160.369,87.462,69.969
216.896,160.678,87.462,69.969
196.784,171.508,87.462,69.969
189.048,191.002,87.462,69.969
181.931,204.307,87.462,69.969
163.057,207.092,87.462,69.969
141.087,193.168,87.462,69.969
140.778,174.293,87.462,69.969
166.460,180.172,87.462,69.969
191.524,204.617,87.462,69.969
198.022,228.442,87.462,69.969
193.380,239.272,87.462,69.969
183.169,230.299,87.462,69.969
173.577,219.469,87.462,69.969
174.505,223.492,87.462,69.969
189.667,228.752,87.462,69.969
224.013,226.586,87.462,69.969
266.405,217.612,87.462,69.969
292.706,199.975,87.462,69.969
289.921,201.522,87.462,69.969
267.333,221.635,87.462,69.969
252.790,228.752,87.462,69.969
246.292,219.160,87.462,69.969
232.368,195.953,87.462,69.969
209.780,178.934,87.462,69.969
187.811,181.719,87.462,69.969
189.977,204.307,87.462,69.969
222.466,237.416,87.462,69.969
247.530,253.196,87.462,69.969
240.413,244.842,87.462,69.969
217.206,226.586,87.462,69.969
200.188,216.375,87.462,69.969
206.067,227.205,87.462,69.969
239.794,248.555,87.462,69.969
272.902,254.434,87.462,69.969
278.782,244.842,87.462,69.969
264.239,225.967,87.462,69.969
240.413,210.186,87.462,69.969
235.771,199.975,87.462,69.969
260.835,208.949,87.462,69.969
281.566,219.160,87.462,69.969
265.786,210.805,87.462,69.969
239.485,193.168,87.462,69.969
239.175,187.289,87.462,69.969
259.288,184.504,87.462,69.969
275.687,184.195,87.462,69.969
270.427,176.459,87.462,69.969
250.314,165.629,87.462,69.969
247.530,169.652,87.462,69.969
252.171,180.481,87.462,69.969
258.050,180.791,87.462,69.969
270.737,168.104,87.462,69.969
284.661,169.652,87.462,69.969
296.728,190.383,87.462,69.969
301.989,210.496,87.462,69.969
294.253,210.805,87.462,69.969
288.993,201.832,87.462,69.969
276.925,193.477,87.462,69.969
232.677,195.024,87.462,69.969
191.524,209.567,87.462,69.969
203.591,209.258,87.462,69.969
227.417,191.002,87.462,69.969
241.960,182.029,87.462,69.969
236.700,181.719,87.462,69.969
221.538,191.311,87.462,69.969
228.036,209.567,87.462,69.969
260.526,211.733,87.462,69.969
286.208,200.285,87.462,69.969
301.989,181.410,87.462,69.969
301.679,165.010,87.462,69.969
284.661,172.746,87.462,69.969
276.925,202.141,87.462,69.969
298.275,222.873,87.462,69.969
323.339,208.949,87.462,69.969
334.169,185.742,87.462,69.969
324.577,178.006,87.462,69.969
306.939,190.692,87.462,69.969
291.159,201.522,87.462,69.969
291.468,203.069,87.462,69.969
293.892,198.745,85.597,68.477
288.138,192.992,85.597,68.477
285.413,187.238,85.597,68.477
283.899,186.330,85.597,68.477
279.356,186.027,85.597,68.477
267.546,187.541,85.597,68.477
263.609,190.266,85.597,68.477
265.123,194.809,85.597,68.477
263.609,201.168,85.597,68.477
263.912,202.682,85.597,68.477
278.751,212.070,85.597,68.477
292.983,222.063,85.597,68.477
288.441,226.000,85.597,68.477
272.997,225.697,85.597,68.477
263.609,216.309,85.597,68.477
266.940,217.218,85.597,68.477
283.596,222.366,85.597,68.477
278.448,222.063,85.597,68.477
233.829,217.849,87.490,69.992
217.425,211.349,87.490,69.992
230.734,201.754,87.490,69.992
237.234,200.206,87.490,69.992
241.877,201.135,87.490,69.992
246.520,201.445,87.490,69.992
243.115,205.468,87.490,69.992
238.472,208.873,87.490,69.992
251.782,204.230,87.490,69.992
253.330,204.540,87.490,69.992
241.258,204.849,87.490,69.992
246.520,195.873,87.490,69.992
256.734,187.516,87.490,69.992
248.996,179.159,87.490,69.992
243.734,178.230,87.490,69.992
250.853,188.444,87.490,69.992
256.115,196.802,87.490,69.992
250.234,197.111,87.490,69.992
233.829,188.754,87.490,69.992
219.901,171.730,87.490,69.992
